 0.13289982 16.44      
 0.13289982 16.44      
 0.13289982 16.44      
 0.13289982 16.44      
 0.13289982 16.44      
 0.13289982 16.44      
 0.13289982 16.44      
 0.13289982 16.44      
 0.13289982 16.44      
 0.13289982 16.44      
 0.13289982 16.44      
 0.13289982 16.44      
 0.13289982 16.44      
 0.13289982 16.44      
 0.13289982 16.44      
 0.13289982 16.44      
 0.13289982 16.44      
 0.13289982 16.44      
 0.13289982 16.44      
 0.13289982 16.44      
 0.13289982 16.44      
 0.13289982 16.44      
 0.13289982 16.44      
 0.13289982 16.44      
 0.13289982 16.44      
 0.13289982 16.44      
 0.13289982 16.44      
 0.13289982 16.44      
 0.13289982 16.44      
 0.13289982 16.44      
 0.13289982 16.44      
 0.13289982 16.44      
 0.13289982 16.44      
 0.13289982 16.44      
 0.13289982 16.44      
 0.13289982 16.44      
 0.13289982 16.44      
 0.13289982 16.44      
 0.13289982 16.44      
 0.13289982 16.44      
 0.13289982 16.44      
 0.13289982 16.44      
 0.13289982 16.44      
 0.13289982 16.44      
 0.13289982 16.44      
 0.13289982 16.44      
 0.13289982 16.44      
 0.13289982 16.44      
 0.13289982 16.44      
 0.13289982 16.44      
