 0.55466113 16.2       
 0.55466113 16.2       
 0.55466113 16.2       
 0.55466113 16.2       
 0.55466113 16.2       
 0.55466113 16.2       
 0.55466113 16.2       
 0.55466113 16.2       
 0.55466113 16.2       
 0.55466113 16.2       
 0.55466113 16.2       
 0.55466113 16.2       
 0.55466113 16.2       
 0.55466113 16.2       
 0.55466113 16.2       
 0.55466113 16.2       
 0.55466113 16.2       
 0.55466113 16.2       
 0.55466113 16.2       
 0.55466113 16.2       
 0.55466113 16.2       
 0.13358183 16.23      
 0.55466113 16.2       
 0.13358183 16.23      
 0.55466113 16.2       
 0.55466113 16.2       
 0.55466113 16.2       
 0.55466113 16.2       
 0.55466113 16.2       
 0.55466113 16.2       
 0.55466113 16.2       
 0.55466113 16.2       
 0.55466113 16.2       
 0.13358183 16.23      
 0.55466113 16.2       
 0.55466113 16.2       
 0.55466113 16.2       
 0.55466113 16.2       
 0.55466113 16.2       
 0.55466113 16.2       
 0.55466113 16.2       
 0.55466113 16.2       
 0.55466113 16.2       
 0.55466113 16.2       
 0.55466113 16.2       
 0.55466113 16.2       
 0.55466113 16.2       
 0.55466113 16.2       
 0.55466113 16.2       
 0.55466113 16.2       
