[1, 2, 0, 1, 64.0, 12.0, 22.75, 83.5, 4.0], [2, 2, 0, 1, 16.0, 3.0, 23.5, 80.0, 2.0], [3, 2, 0, 1, 16.0, 3.0, 23.5, 80.0, 3.0], [4, 2, 0, 1, 32, 6, 23.2, 83.0, 5], [5, 2, 0, 1, 16.0, 3.0, 22.9, 86.0, 3.0], [6, 2, 0, 1, 16.0, 3.0, 22.9, 86.0, 3.0], [7, 1, 1, 0, 8.0, 2.0, 22.2, 89.0, 0], [8, 1, 1, 0, 8.0, 2.0, 22.2, 89.0, 0.0], [9, 1, 1, 0, 8.0, 2.0, 22.2, 89.0, 0], [10, 2, 1, 1, 8.0, 2.0, 22.2, 89.0, 0.0]
[1, 2, 0, 1, 64.0, 12.0, 22.75, 83.5, 4.0], [2, 2, 0, 1, 8.0, 2.0, 23.5, 80.0, 1.0], [3, 2, 0, 1, 8.0, 2.0, 23.5, 80.0, 1.0], [4, 2, 0, 1, 16.0, 3.0, 23.5, 80.0, 3.0], [5, 2, 0, 1, 32, 6, 23.2, 83.0, 5], [6, 2, 0, 1, 16.0, 3.0, 22.9, 86.0, 3.0], [7, 2, 0, 1, 16.0, 3.0, 22.9, 86.0, 3.0], [8, 1, 1, 0, 24.0, 6.0, 22.2, 89.0, 0.0], [9, 2, 1, 1, 8.0, 2.0, 22.2, 89.0, 0.0]
[1, 2, 0, 1, 64.0, 12.0, 22.75, 83.5, 4.0], [2, 2, 0, 1, 8.0, 2.0, 23.5, 80.0, 1.0], [3, 2, 0, 1, 8.0, 1.0, 23.5, 80.0, 1.0], [4, 2, 0, 1, 16.0, 3.0, 23.5, 80.0, 3.0], [5, 2, 0, 1, 32, 6, 23.2, 83.0, 5], [6, 2, 0, 1, 16.0, 3.0, 22.9, 86.0, 3.0], [7, 2, 0, 1, 16.0, 3.0, 22.9, 86.0, 3.0], [8, 1, 1, 0, 8.0, 2.0, 22.2, 89.0, 0], [9, 1, 1, 0, 8.0, 2.0, 22.2, 89.0, 0], [10, 1, 1, 0, 8.0, 2.0, 22.2, 89.0, 0], [11, 2, 1, 1, 8.0, 2.0, 22.2, 89.0, 0.0]
[1, 2, 0, 1, 64.0, 12.0, 22.75, 83.5, 4.0], [2, 2, 0, 1, 8.0, 2.0, 23.5, 80.0, 1.0], [3, 2, 0, 1, 8.0, 2.0, 23.5, 80.0, 1.0], [4, 2, 0, 1, 16.0, 3.0, 23.5, 80.0, 3.0], [5, 2, 0, 1, 32, 6, 23.2, 83.0, 5], [6, 2, 0, 1, 16.0, 3.0, 22.9, 86.0, 3.0], [7, 2, 0, 1, 16.0, 3.0, 22.9, 86.0, 3.0], [8, 1, 1, 0, 24.0, 6.0, 22.2, 89.0, 0.0], [9, 2, 1, 1, 8.0, 2.0, 22.2, 89.0, 0.0]
[1, 2, 0, 1, 64.0, 12.0, 22.75, 83.5, 4.0], [2, 2, 0, 1, 8.0, 2.0, 23.5, 80.0, 1.0], [3, 2, 0, 1, 8.0, 1.0, 23.5, 80.0, 1.0], [4, 2, 0, 1, 16.0, 3.0, 23.5, 80.0, 3.0], [5, 2, 0, 1, 32, 6, 23.2, 83.0, 5], [6, 2, 0, 1, 16.0, 3.0, 22.9, 86.0, 3.0], [7, 2, 0, 1, 16.0, 3.0, 22.9, 86.0, 3.0], [8, 1, 1, 0, 8.0, 2.0, 22.2, 89.0, 0.0], [9, 1, 1, 0, 8.0, 2.0, 22.2, 89.0, 0], [10, 1, 1, 0, 8.0, 2.0, 22.2, 89.0, 0.0], [11, 2, 1, 1, 8.0, 2.0, 22.2, 89.0, 0.0]
[1, 2, 0, 1, 64.0, 12.0, 22.75, 83.5, 4.0], [2, 2, 0, 1, 8.0, 2.0, 23.5, 80.0, 1.0], [3, 2, 0, 1, 8.0, 1.0, 23.5, 80.0, 1.0], [4, 2, 0, 1, 16.0, 3.0, 23.5, 80.0, 3.0], [5, 2, 0, 1, 32, 6, 23.2, 83.0, 5], [6, 2, 0, 1, 16.0, 3.0, 22.9, 86.0, 3.0], [7, 2, 0, 1, 16.0, 3.0, 22.9, 86.0, 3.0], [8, 1, 1, 0, 8.0, 2.0, 22.2, 89.0, 0.0], [9, 1, 1, 0, 8.0, 2.0, 22.2, 89.0, 0], [10, 1, 1, 0, 8.0, 2.0, 22.2, 89.0, 0], [11, 2, 1, 1, 8.0, 2.0, 22.2, 89.0, 0.0]
[1, 2, 0, 1, 64.0, 12.0, 22.75, 83.5, 4.0], [2, 2, 0, 1, 16.0, 3.0, 23.5, 80.0, 2.0], [3, 2, 0, 1, 16.0, 3.0, 23.5, 80.0, 3.0], [4, 2, 0, 1, 32, 6, 23.2, 83.0, 5], [5, 2, 0, 1, 16.0, 3.0, 22.9, 86.0, 3.0], [6, 2, 0, 1, 16.0, 3.0, 22.9, 86.0, 3.0], [7, 1, 1, 0, 8.0, 2.0, 22.2, 89.0, 0], [8, 1, 1, 0, 8.0, 2.0, 22.2, 89.0, 0], [9, 1, 1, 0, 8.0, 2.0, 22.2, 89.0, 0], [10, 2, 1, 1, 8.0, 2.0, 22.2, 89.0, 0.0]
[1, 2, 0, 1, 64.0, 12.0, 22.75, 83.5, 4.0], [2, 2, 0, 1, 8.0, 2.0, 23.5, 80.0, 1.0], [3, 2, 0, 1, 8.0, 1.0, 23.5, 80.0, 1.0], [4, 2, 0, 1, 16.0, 3.0, 23.5, 80.0, 3.0], [5, 2, 0, 1, 32, 6, 23.2, 83.0, 5], [6, 2, 0, 1, 16.0, 3.0, 22.9, 86.0, 3.0], [7, 2, 0, 1, 16.0, 3.0, 22.9, 86.0, 3.0], [8, 1, 1, 0, 8.0, 2.0, 22.2, 89.0, 0.0], [9, 1, 1, 0, 8.0, 2.0, 22.2, 89.0, 0], [10, 1, 1, 0, 8.0, 2.0, 22.2, 89.0, 0], [11, 2, 1, 1, 8.0, 2.0, 22.2, 89.0, 0.0]
[1, 1, 0, 0, 32, 6, 22.5, 85.0, 0], [2, 2, 0, 1, 32.0, 6.0, 23.0, 82.0, 6.0], [3, 2, 0, 1, 8.0, 2.0, 23.5, 80.0, 2.0], [4, 2, 0, 1, 12.0, 3.0, 23.5, 80.0, 3.0], [5, 2, 0, 1, 6.0, 1.0, 23.5, 80.0, 1.0], [6, 2, 0, 1, 9.5, 2.0, 23.389473684210525, 81.10526315789474, 2.0], [7, 2, 0, 1, 9.5, 2.0, 23.2, 83.0, 2.0], [8, 2, 0, 1, 19.0, 4.0, 23.2, 83.0, 4.0], [9, 1, 0, 0, 16.0, 3.0, 22.9, 86.0, 0], [10, 1, 0, 0, 8.0, 2.0, 22.9, 86.0, 0.0], [11, 1, 0, 0, 8.0, 2.0, 22.9, 86.0, 0.0], [12, 1, 1, 0, 16.0, 4.0, 22.2, 89.0, 0], [13, 2, 1, 1, 16.0, 4.0, 22.2, 89.0, 0.0]
[1, 2, 0, 1, 64.0, 12.0, 22.75, 83.5, 4.0], [2, 2, 0, 1, 16.0, 3.0, 23.5, 80.0, 2.0], [3, 2, 0, 1, 16.0, 3.0, 23.5, 80.0, 3.0], [4, 2, 0, 1, 32, 6, 23.2, 83.0, 5], [5, 2, 0, 1, 16.0, 3.0, 22.9, 86.0, 3.0], [6, 2, 0, 1, 16.0, 3.0, 22.9, 86.0, 3.0], [7, 1, 1, 0, 8.0, 2.0, 22.2, 89.0, 0], [8, 1, 1, 0, 8.0, 2.0, 22.2, 89.0, 0], [9, 1, 1, 0, 8.0, 2.0, 22.2, 89.0, 0], [10, 2, 1, 1, 8.0, 2.0, 22.2, 89.0, 0.0]
[1, 2, 0, 1, 64.0, 12.0, 22.75, 83.5, 4.0], [2, 2, 0, 1, 16.0, 3.0, 23.5, 80.0, 2.0], [3, 2, 0, 1, 16.0, 3.0, 23.5, 80.0, 3.0], [4, 2, 0, 1, 32, 6, 23.2, 83.0, 5], [5, 2, 0, 1, 16.0, 3.0, 22.9, 86.0, 3.0], [6, 2, 0, 1, 16.0, 3.0, 22.9, 86.0, 3.0], [7, 1, 1, 0, 8.0, 2.0, 22.2, 89.0, 0.0], [8, 1, 1, 0, 16.0, 4.0, 22.2, 89.0, 0], [9, 2, 1, 1, 8.0, 2.0, 22.2, 89.0, 0.0]
[1, 2, 0, 1, 64.0, 12.0, 22.75, 83.5, 4.0], [2, 2, 0, 1, 8.0, 2.0, 23.5, 80.0, 1.0], [3, 2, 0, 1, 8.0, 1.0, 23.5, 80.0, 1.0], [4, 2, 0, 1, 16.0, 3.0, 23.5, 80.0, 3.0], [5, 2, 0, 1, 32, 6, 23.2, 83.0, 5], [6, 2, 0, 1, 16.0, 3.0, 22.9, 86.0, 3.0], [7, 2, 0, 1, 16.0, 3.0, 22.9, 86.0, 3.0], [8, 1, 1, 0, 8.0, 2.0, 22.2, 89.0, 0.0], [9, 1, 1, 0, 8.0, 2.0, 22.2, 89.0, 0.0], [10, 1, 1, 0, 8.0, 2.0, 22.2, 89.0, 0.0], [11, 2, 1, 1, 8.0, 2.0, 22.2, 89.0, 0.0]
[1, 2, 0, 1, 64.0, 12.0, 22.75, 83.5, 4.0], [2, 2, 0, 1, 16.0, 3.0, 23.5, 80.0, 2.0], [3, 2, 0, 1, 16.0, 3.0, 23.5, 80.0, 3.0], [4, 2, 0, 1, 32, 6, 23.2, 83.0, 5], [5, 2, 0, 1, 16.0, 3.0, 22.9, 86.0, 3.0], [6, 2, 0, 1, 16.0, 3.0, 22.9, 86.0, 3.0], [7, 1, 1, 0, 8.0, 2.0, 22.2, 89.0, 0.0], [8, 1, 1, 0, 16.0, 4.0, 22.2, 89.0, 0], [9, 2, 1, 1, 8.0, 2.0, 22.2, 89.0, 0.0]
[1, 2, 0, 1, 64.0, 12.0, 22.75, 83.5, 4.0], [2, 2, 0, 1, 16.0, 3.0, 23.5, 80.0, 2.0], [3, 2, 0, 1, 16.0, 3.0, 23.5, 80.0, 3.0], [4, 2, 0, 1, 32, 6, 23.2, 83.0, 5], [5, 2, 0, 1, 16.0, 3.0, 22.9, 86.0, 3.0], [6, 2, 0, 1, 16.0, 3.0, 22.9, 86.0, 3.0], [7, 1, 1, 0, 8.0, 2.0, 22.2, 89.0, 0.0], [8, 1, 1, 0, 8.0, 2.0, 22.2, 89.0, 0.0], [9, 1, 1, 0, 8.0, 2.0, 22.2, 89.0, 0], [10, 2, 1, 1, 8.0, 2.0, 22.2, 89.0, 0.0]
[1, 1, 0, 0, 16.0, 3.0, 22.5, 85.0, 0], [2, 1, 0, 0, 16.0, 3.0, 22.5, 85.0, 0.0], [3, 2, 0, 1, 32.0, 6.0, 23.0, 82.0, 6.0], [4, 2, 0, 1, 8.0, 2.0, 23.5, 80.0, 2.0], [5, 2, 0, 1, 12.0, 3.0, 23.5, 80.0, 3.0], [6, 2, 0, 1, 6.0, 1.0, 23.5, 80.0, 1.0], [7, 2, 0, 1, 19.0, 4.0, 23.294736842105262, 82.05263157894737, 3.0], [8, 2, 0, 1, 35.0, 7.0, 23.06285714285714, 84.37142857142857, 4.0], [9, 1, 0, 0, 8.0, 2.0, 22.9, 86.0, 0], [10, 2, 0, 1, 8.0, 1.0, 22.9, 86.0, 1.0], [11, 1, 1, 0, 16.0, 4.0, 22.2, 89.0, 0], [12, 1, 1, 0, 8.0, 2.0, 22.2, 89.0, 0], [13, 2, 1, 1, 8.0, 2.0, 22.2, 89.0, 0.0]
[1, 2, 0, 1, 64.0, 12.0, 22.75, 83.5, 4.0], [2, 2, 0, 1, 8.0, 2.0, 23.5, 80.0, 1.0], [3, 2, 0, 1, 8.0, 1.0, 23.5, 80.0, 1.0], [4, 2, 0, 1, 16.0, 3.0, 23.5, 80.0, 3.0], [5, 2, 0, 1, 32, 6, 23.2, 83.0, 5], [6, 2, 0, 1, 16.0, 3.0, 22.9, 86.0, 3.0], [7, 2, 0, 1, 16.0, 3.0, 22.9, 86.0, 3.0], [8, 1, 1, 0, 8.0, 2.0, 22.2, 89.0, 0], [9, 1, 1, 0, 16.0, 4.0, 22.2, 89.0, 0], [10, 2, 1, 1, 8.0, 2.0, 22.2, 89.0, 0.0]
[1, 2, 0, 1, 64.0, 12.0, 22.75, 83.5, 4.0], [2, 2, 0, 1, 8.0, 2.0, 23.5, 80.0, 1.0], [3, 2, 0, 1, 8.0, 1.0, 23.5, 80.0, 1.0], [4, 2, 0, 1, 16.0, 3.0, 23.5, 80.0, 3.0], [5, 2, 0, 1, 32, 6, 23.2, 83.0, 5], [6, 2, 0, 1, 16.0, 3.0, 22.9, 86.0, 3.0], [7, 2, 0, 1, 16.0, 3.0, 22.9, 86.0, 3.0], [8, 1, 1, 0, 8.0, 2.0, 22.2, 89.0, 0], [9, 1, 1, 0, 8.0, 2.0, 22.2, 89.0, 0], [10, 1, 1, 0, 8.0, 2.0, 22.2, 89.0, 0], [11, 2, 1, 1, 8.0, 2.0, 22.2, 89.0, 0.0]
[1, 2, 0, 1, 64.0, 12.0, 22.75, 83.5, 4.0], [2, 2, 0, 1, 16.0, 3.0, 23.5, 80.0, 2.0], [3, 2, 0, 1, 16.0, 3.0, 23.5, 80.0, 3.0], [4, 2, 0, 1, 32, 6, 23.2, 83.0, 5], [5, 2, 0, 1, 16.0, 3.0, 22.9, 86.0, 3.0], [6, 2, 0, 1, 16.0, 3.0, 22.9, 86.0, 3.0], [7, 1, 1, 0, 8.0, 2.0, 22.2, 89.0, 0.0], [8, 1, 1, 0, 16.0, 4.0, 22.2, 89.0, 0], [9, 2, 1, 1, 8.0, 2.0, 22.2, 89.0, 0.0]
[1, 2, 0, 1, 64.0, 12.0, 22.75, 83.5, 4.0], [2, 2, 0, 1, 16.0, 3.0, 23.5, 80.0, 2.0], [3, 2, 0, 1, 16.0, 3.0, 23.5, 80.0, 3.0], [4, 2, 0, 1, 32, 6, 23.2, 83.0, 5], [5, 2, 0, 1, 16.0, 3.0, 22.9, 86.0, 3.0], [6, 2, 0, 1, 16.0, 3.0, 22.9, 86.0, 3.0], [7, 1, 1, 0, 16.0, 4.0, 22.2, 89.0, 0.0], [8, 1, 1, 0, 8.0, 2.0, 22.2, 89.0, 0], [9, 2, 1, 1, 8.0, 2.0, 22.2, 89.0, 0.0]
[1, 2, 0, 1, 64.0, 12.0, 22.75, 83.5, 4.0], [2, 2, 0, 1, 16.0, 3.0, 23.5, 80.0, 2.0], [3, 2, 0, 1, 16.0, 3.0, 23.5, 80.0, 3.0], [4, 2, 0, 1, 32, 6, 23.2, 83.0, 5], [5, 2, 0, 1, 16.0, 3.0, 22.9, 86.0, 3.0], [6, 2, 0, 1, 16.0, 3.0, 22.9, 86.0, 3.0], [7, 1, 1, 0, 8.0, 2.0, 22.2, 89.0, 0], [8, 1, 1, 0, 8.0, 2.0, 22.2, 89.0, 0], [9, 1, 1, 0, 8.0, 2.0, 22.2, 89.0, 0], [10, 2, 1, 1, 8.0, 2.0, 22.2, 89.0, 0.0]
[1, 2, 0, 1, 64.0, 12.0, 22.75, 83.5, 4.0], [2, 2, 0, 1, 16.0, 3.0, 23.5, 80.0, 2.0], [3, 2, 0, 1, 16.0, 3.0, 23.5, 80.0, 3.0], [4, 2, 0, 1, 32, 6, 23.2, 83.0, 5], [5, 2, 0, 1, 16.0, 3.0, 22.9, 86.0, 3.0], [6, 2, 0, 1, 16.0, 3.0, 22.9, 86.0, 3.0], [7, 1, 1, 0, 8.0, 2.0, 22.2, 89.0, 0], [8, 1, 1, 0, 8.0, 2.0, 22.2, 89.0, 0.0], [9, 1, 1, 0, 8.0, 2.0, 22.2, 89.0, 0], [10, 2, 1, 1, 8.0, 2.0, 22.2, 89.0, 0.0]
[1, 2, 0, 1, 64.0, 12.0, 22.75, 83.5, 4.0], [2, 2, 0, 1, 16.0, 3.0, 23.5, 80.0, 2.0], [3, 2, 0, 1, 16.0, 3.0, 23.5, 80.0, 3.0], [4, 2, 0, 1, 32, 6, 23.2, 83.0, 5], [5, 2, 0, 1, 16.0, 3.0, 22.9, 86.0, 3.0], [6, 2, 0, 1, 16.0, 3.0, 22.9, 86.0, 3.0], [7, 1, 1, 0, 8.0, 2.0, 22.2, 89.0, 0], [8, 1, 1, 0, 8.0, 2.0, 22.2, 89.0, 0], [9, 1, 1, 0, 8.0, 2.0, 22.2, 89.0, 0], [10, 2, 1, 1, 8.0, 2.0, 22.2, 89.0, 0.0]
[1, 2, 0, 1, 64.0, 12.0, 22.75, 83.5, 4.0], [2, 2, 0, 1, 8.0, 2.0, 23.5, 80.0, 1.0], [3, 2, 0, 1, 8.0, 1.0, 23.5, 80.0, 1.0], [4, 2, 0, 1, 16.0, 3.0, 23.5, 80.0, 3.0], [5, 2, 0, 1, 32, 6, 23.2, 83.0, 5], [6, 2, 0, 1, 16.0, 3.0, 22.9, 86.0, 3.0], [7, 2, 0, 1, 16.0, 3.0, 22.9, 86.0, 3.0], [8, 1, 1, 0, 8.0, 2.0, 22.2, 89.0, 0.0], [9, 1, 1, 0, 8.0, 2.0, 22.2, 89.0, 0.0], [10, 1, 1, 0, 8.0, 2.0, 22.2, 89.0, 0.0], [11, 2, 1, 1, 8.0, 2.0, 22.2, 89.0, 0.0]
[1, 2, 0, 1, 64.0, 12.0, 22.75, 83.5, 4.0], [2, 2, 0, 1, 16.0, 3.0, 23.5, 80.0, 2.0], [3, 2, 0, 1, 16.0, 3.0, 23.5, 80.0, 3.0], [4, 2, 0, 1, 32, 6, 23.2, 83.0, 5], [5, 2, 0, 1, 16.0, 3.0, 22.9, 86.0, 3.0], [6, 2, 0, 1, 16.0, 3.0, 22.9, 86.0, 3.0], [7, 1, 1, 0, 8.0, 2.0, 22.2, 89.0, 0.0], [8, 1, 1, 0, 8.0, 2.0, 22.2, 89.0, 0], [9, 1, 1, 0, 8.0, 2.0, 22.2, 89.0, 0], [10, 2, 1, 1, 8.0, 2.0, 22.2, 89.0, 0.0]
[1, 2, 0, 1, 64.0, 12.0, 22.75, 83.5, 4.0], [2, 2, 0, 1, 16.0, 3.0, 23.5, 80.0, 2.0], [3, 2, 0, 1, 16.0, 3.0, 23.5, 80.0, 3.0], [4, 2, 0, 1, 32, 6, 23.2, 83.0, 5], [5, 2, 0, 1, 16.0, 3.0, 22.9, 86.0, 3.0], [6, 2, 0, 1, 16.0, 3.0, 22.9, 86.0, 3.0], [7, 1, 1, 0, 8.0, 2.0, 22.2, 89.0, 0.0], [8, 1, 1, 0, 8.0, 2.0, 22.2, 89.0, 0], [9, 1, 1, 0, 8.0, 2.0, 22.2, 89.0, 0], [10, 2, 1, 1, 8.0, 2.0, 22.2, 89.0, 0.0]
[1, 2, 0, 1, 64.0, 12.0, 22.75, 83.5, 4.0], [2, 2, 0, 1, 16.0, 3.0, 23.5, 80.0, 2.0], [3, 2, 0, 1, 16.0, 3.0, 23.5, 80.0, 3.0], [4, 2, 0, 1, 32, 6, 23.2, 83.0, 5], [5, 2, 0, 1, 16.0, 3.0, 22.9, 86.0, 3.0], [6, 2, 0, 1, 16.0, 3.0, 22.9, 86.0, 3.0], [7, 1, 1, 0, 8.0, 2.0, 22.2, 89.0, 0], [8, 1, 1, 0, 16.0, 4.0, 22.2, 89.0, 0], [9, 2, 1, 1, 8.0, 2.0, 22.2, 89.0, 0.0]
[1, 2, 0, 1, 64.0, 12.0, 22.75, 83.5, 4.0], [2, 2, 0, 1, 8.0, 2.0, 23.5, 80.0, 1.0], [3, 2, 0, 1, 8.0, 1.0, 23.5, 80.0, 1.0], [4, 2, 0, 1, 16.0, 3.0, 23.5, 80.0, 3.0], [5, 2, 0, 1, 32, 6, 23.2, 83.0, 5], [6, 2, 0, 1, 16.0, 3.0, 22.9, 86.0, 3.0], [7, 2, 0, 1, 16.0, 3.0, 22.9, 86.0, 3.0], [8, 1, 1, 0, 24.0, 6.0, 22.2, 89.0, 0.0], [9, 2, 1, 1, 8.0, 2.0, 22.2, 89.0, 0.0]
[1, 2, 0, 1, 64.0, 12.0, 22.75, 83.5, 4.0], [2, 2, 0, 1, 16.0, 3.0, 23.5, 80.0, 2.0], [3, 2, 0, 1, 16.0, 3.0, 23.5, 80.0, 3.0], [4, 2, 0, 1, 32, 6, 23.2, 83.0, 5], [5, 2, 0, 1, 16.0, 3.0, 22.9, 86.0, 3.0], [6, 2, 0, 1, 16.0, 3.0, 22.9, 86.0, 3.0], [7, 1, 1, 0, 8.0, 2.0, 22.2, 89.0, 0], [8, 1, 1, 0, 16.0, 4.0, 22.2, 89.0, 0], [9, 2, 1, 1, 8.0, 2.0, 22.2, 89.0, 0.0]
[1, 2, 0, 1, 64.0, 12.0, 22.75, 83.5, 4.0], [2, 2, 0, 1, 8.0, 2.0, 23.5, 80.0, 1.0], [3, 2, 0, 1, 8.0, 2.0, 23.5, 80.0, 1.0], [4, 2, 0, 1, 16.0, 3.0, 23.5, 80.0, 3.0], [5, 2, 0, 1, 32, 6, 23.2, 83.0, 5], [6, 2, 0, 1, 16.0, 3.0, 22.9, 86.0, 3.0], [7, 2, 0, 1, 16.0, 3.0, 22.9, 86.0, 3.0], [8, 1, 1, 0, 24.0, 6.0, 22.2, 89.0, 0.0], [9, 2, 1, 1, 8.0, 2.0, 22.2, 89.0, 0.0]
[1, 2, 0, 1, 64.0, 12.0, 22.75, 83.5, 4.0], [2, 2, 0, 1, 16.0, 3.0, 23.5, 80.0, 2.0], [3, 2, 0, 1, 16.0, 3.0, 23.5, 80.0, 3.0], [4, 2, 0, 1, 32, 6, 23.2, 83.0, 5], [5, 2, 0, 1, 16.0, 3.0, 22.9, 86.0, 3.0], [6, 2, 0, 1, 16.0, 3.0, 22.9, 86.0, 3.0], [7, 1, 1, 0, 8.0, 2.0, 22.2, 89.0, 0.0], [8, 1, 1, 0, 16.0, 4.0, 22.2, 89.0, 0], [9, 2, 1, 1, 8.0, 2.0, 22.2, 89.0, 0.0]
[1, 2, 0, 1, 64.0, 12.0, 22.75, 83.5, 4.0], [2, 2, 0, 1, 16.0, 3.0, 23.5, 80.0, 2.0], [3, 2, 0, 1, 16.0, 3.0, 23.5, 80.0, 3.0], [4, 2, 0, 1, 32, 6, 23.2, 83.0, 5], [5, 2, 0, 1, 16.0, 3.0, 22.9, 86.0, 3.0], [6, 2, 0, 1, 16.0, 3.0, 22.9, 86.0, 3.0], [7, 1, 1, 0, 8.0, 2.0, 22.2, 89.0, 0], [8, 1, 1, 0, 8.0, 2.0, 22.2, 89.0, 0.0], [9, 1, 1, 0, 8.0, 2.0, 22.2, 89.0, 0], [10, 2, 1, 1, 8.0, 2.0, 22.2, 89.0, 0.0]
[1, 2, 0, 1, 64.0, 12.0, 22.75, 83.5, 4.0], [2, 2, 0, 1, 8.0, 2.0, 23.5, 80.0, 1.0], [3, 2, 0, 1, 8.0, 1.0, 23.5, 80.0, 1.0], [4, 2, 0, 1, 16.0, 3.0, 23.5, 80.0, 3.0], [5, 2, 0, 1, 32, 6, 23.2, 83.0, 5], [6, 2, 0, 1, 16.0, 3.0, 22.9, 86.0, 3.0], [7, 2, 0, 1, 16.0, 3.0, 22.9, 86.0, 3.0], [8, 1, 1, 0, 8.0, 2.0, 22.2, 89.0, 0.0], [9, 1, 1, 0, 8.0, 2.0, 22.2, 89.0, 0.0], [10, 1, 1, 0, 8.0, 2.0, 22.2, 89.0, 0], [11, 2, 1, 1, 8.0, 2.0, 22.2, 89.0, 0.0]
[1, 1, 0, 0, 32, 6, 22.5, 85.0, 0], [2, 2, 0, 1, 32.0, 6.0, 23.0, 82.0, 6.0], [3, 2, 0, 1, 8.0, 2.0, 23.5, 80.0, 2.0], [4, 2, 0, 1, 12.0, 3.0, 23.5, 80.0, 3.0], [5, 2, 0, 1, 6.0, 1.0, 23.5, 80.0, 1.0], [6, 2, 0, 1, 9.5, 2.0, 23.389473684210525, 81.10526315789474, 2.0], [7, 2, 0, 1, 9.5, 2.0, 23.2, 83.0, 2.0], [8, 2, 0, 1, 19.0, 4.0, 23.2, 83.0, 4.0], [9, 1, 0, 0, 16.0, 3.0, 22.9, 86.0, 0], [10, 1, 0, 0, 16.0, 3.0, 22.9, 86.0, 0], [11, 1, 1, 0, 16.0, 4.0, 22.2, 89.0, 0], [12, 2, 1, 1, 16.0, 4.0, 22.2, 89.0, 0.0]
[1, 2, 0, 1, 64.0, 12.0, 22.75, 83.5, 4.0], [2, 2, 0, 1, 8.0, 2.0, 23.5, 80.0, 1.0], [3, 2, 0, 1, 8.0, 1.0, 23.5, 80.0, 1.0], [4, 2, 0, 1, 16.0, 3.0, 23.5, 80.0, 3.0], [5, 2, 0, 1, 32, 6, 23.2, 83.0, 5], [6, 2, 0, 1, 16.0, 3.0, 22.9, 86.0, 3.0], [7, 2, 0, 1, 16.0, 3.0, 22.9, 86.0, 3.0], [8, 1, 1, 0, 8.0, 2.0, 22.2, 89.0, 0], [9, 1, 1, 0, 8.0, 2.0, 22.2, 89.0, 0], [10, 1, 1, 0, 8.0, 2.0, 22.2, 89.0, 0], [11, 2, 1, 1, 8.0, 2.0, 22.2, 89.0, 0.0]
[1, 2, 0, 1, 64.0, 12.0, 22.75, 83.5, 4.0], [2, 2, 0, 1, 8.0, 2.0, 23.5, 80.0, 1.0], [3, 2, 0, 1, 8.0, 2.0, 23.5, 80.0, 1.0], [4, 2, 0, 1, 16.0, 3.0, 23.5, 80.0, 3.0], [5, 2, 0, 1, 32, 6, 23.2, 83.0, 5], [6, 2, 0, 1, 16.0, 3.0, 22.9, 86.0, 3.0], [7, 2, 0, 1, 16.0, 3.0, 22.9, 86.0, 3.0], [8, 1, 1, 0, 8.0, 2.0, 22.2, 89.0, 0], [9, 1, 1, 0, 16.0, 4.0, 22.2, 89.0, 0], [10, 2, 1, 1, 8.0, 2.0, 22.2, 89.0, 0.0]
[1, 2, 0, 1, 64.0, 12.0, 22.75, 83.5, 4.0], [2, 2, 0, 1, 16.0, 3.0, 23.5, 80.0, 2.0], [3, 2, 0, 1, 16.0, 3.0, 23.5, 80.0, 3.0], [4, 2, 0, 1, 32, 6, 23.2, 83.0, 5], [5, 2, 0, 1, 16.0, 3.0, 22.9, 86.0, 3.0], [6, 2, 0, 1, 16.0, 3.0, 22.9, 86.0, 3.0], [7, 1, 1, 0, 8.0, 2.0, 22.2, 89.0, 0.0], [8, 1, 1, 0, 8.0, 2.0, 22.2, 89.0, 0.0], [9, 1, 1, 0, 8.0, 2.0, 22.2, 89.0, 0], [10, 2, 1, 1, 8.0, 2.0, 22.2, 89.0, 0.0]
[1, 2, 0, 1, 64.0, 12.0, 22.75, 83.5, 4.0], [2, 2, 0, 1, 8.0, 2.0, 23.5, 80.0, 1.0], [3, 2, 0, 1, 8.0, 1.0, 23.5, 80.0, 1.0], [4, 2, 0, 1, 16.0, 3.0, 23.5, 80.0, 3.0], [5, 2, 0, 1, 32, 6, 23.2, 83.0, 5], [6, 2, 0, 1, 16.0, 3.0, 22.9, 86.0, 3.0], [7, 2, 0, 1, 16.0, 3.0, 22.9, 86.0, 3.0], [8, 1, 1, 0, 8.0, 2.0, 22.2, 89.0, 0.0], [9, 1, 1, 0, 8.0, 2.0, 22.2, 89.0, 0], [10, 1, 1, 0, 8.0, 2.0, 22.2, 89.0, 0], [11, 2, 1, 1, 8.0, 2.0, 22.2, 89.0, 0.0]
[1, 2, 0, 1, 64.0, 12.0, 22.75, 83.5, 4.0], [2, 2, 0, 1, 16.0, 3.0, 23.5, 80.0, 2.0], [3, 2, 0, 1, 16.0, 3.0, 23.5, 80.0, 3.0], [4, 2, 0, 1, 32, 6, 23.2, 83.0, 5], [5, 2, 0, 1, 16.0, 3.0, 22.9, 86.0, 3.0], [6, 2, 0, 1, 16.0, 3.0, 22.9, 86.0, 3.0], [7, 1, 1, 0, 8.0, 2.0, 22.2, 89.0, 0.0], [8, 1, 1, 0, 16.0, 4.0, 22.2, 89.0, 0], [9, 2, 1, 1, 8.0, 2.0, 22.2, 89.0, 0.0]
[1, 2, 0, 1, 64.0, 12.0, 22.75, 83.5, 4.0], [2, 2, 0, 1, 8.0, 2.0, 23.5, 80.0, 1.0], [3, 2, 0, 1, 8.0, 1.0, 23.5, 80.0, 1.0], [4, 2, 0, 1, 16.0, 3.0, 23.5, 80.0, 3.0], [5, 2, 0, 1, 32, 6, 23.2, 83.0, 5], [6, 2, 0, 1, 16.0, 3.0, 22.9, 86.0, 3.0], [7, 2, 0, 1, 16.0, 3.0, 22.9, 86.0, 3.0], [8, 1, 1, 0, 8.0, 2.0, 22.2, 89.0, 0.0], [9, 1, 1, 0, 8.0, 2.0, 22.2, 89.0, 0], [10, 1, 1, 0, 8.0, 2.0, 22.2, 89.0, 0], [11, 2, 1, 1, 8.0, 2.0, 22.2, 89.0, 0.0]
[1, 2, 0, 1, 64.0, 12.0, 22.75, 83.5, 4.0], [2, 2, 0, 1, 16.0, 3.0, 23.5, 80.0, 2.0], [3, 2, 0, 1, 16.0, 3.0, 23.5, 80.0, 3.0], [4, 2, 0, 1, 32, 6, 23.2, 83.0, 5], [5, 2, 0, 1, 16.0, 3.0, 22.9, 86.0, 3.0], [6, 2, 0, 1, 16.0, 3.0, 22.9, 86.0, 3.0], [7, 1, 1, 0, 8.0, 2.0, 22.2, 89.0, 0.0], [8, 1, 1, 0, 8.0, 2.0, 22.2, 89.0, 0], [9, 1, 1, 0, 8.0, 2.0, 22.2, 89.0, 0], [10, 2, 1, 1, 8.0, 2.0, 22.2, 89.0, 0.0]
[1, 2, 0, 1, 64.0, 12.0, 22.75, 83.5, 4.0], [2, 2, 0, 1, 16.0, 3.0, 23.5, 80.0, 2.0], [3, 2, 0, 1, 16.0, 3.0, 23.5, 80.0, 3.0], [4, 2, 0, 1, 32, 6, 23.2, 83.0, 5], [5, 2, 0, 1, 16.0, 3.0, 22.9, 86.0, 3.0], [6, 2, 0, 1, 16.0, 3.0, 22.9, 86.0, 3.0], [7, 1, 1, 0, 8.0, 2.0, 22.2, 89.0, 0], [8, 1, 1, 0, 8.0, 2.0, 22.2, 89.0, 0.0], [9, 1, 1, 0, 8.0, 2.0, 22.2, 89.0, 0], [10, 2, 1, 1, 8.0, 2.0, 22.2, 89.0, 0.0]
[1, 2, 0, 1, 64.0, 12.0, 22.75, 83.5, 4.0], [2, 2, 0, 1, 16.0, 3.0, 23.5, 80.0, 2.0], [3, 2, 0, 1, 16.0, 3.0, 23.5, 80.0, 3.0], [4, 2, 0, 1, 32, 6, 23.2, 83.0, 5], [5, 2, 0, 1, 16.0, 3.0, 22.9, 86.0, 3.0], [6, 2, 0, 1, 16.0, 3.0, 22.9, 86.0, 3.0], [7, 1, 1, 0, 24.0, 6.0, 22.2, 89.0, 0], [8, 2, 1, 1, 8.0, 2.0, 22.2, 89.0, 0.0]
[1, 2, 0, 1, 64.0, 12.0, 22.75, 83.5, 4.0], [2, 2, 0, 1, 8.0, 2.0, 23.5, 80.0, 1.0], [3, 2, 0, 1, 8.0, 2.0, 23.5, 80.0, 1.0], [4, 2, 0, 1, 16.0, 3.0, 23.5, 80.0, 3.0], [5, 2, 0, 1, 32, 6, 23.2, 83.0, 5], [6, 2, 0, 1, 16.0, 3.0, 22.9, 86.0, 3.0], [7, 2, 0, 1, 16.0, 3.0, 22.9, 86.0, 3.0], [8, 1, 1, 0, 8.0, 2.0, 22.2, 89.0, 0.0], [9, 1, 1, 0, 16.0, 4.0, 22.2, 89.0, 0], [10, 2, 1, 1, 8.0, 2.0, 22.2, 89.0, 0.0]
[1, 2, 0, 1, 64.0, 12.0, 22.75, 83.5, 4.0], [2, 2, 0, 1, 8.0, 2.0, 23.5, 80.0, 1.0], [3, 2, 0, 1, 8.0, 1.0, 23.5, 80.0, 1.0], [4, 2, 0, 1, 16.0, 3.0, 23.5, 80.0, 3.0], [5, 2, 0, 1, 32, 6, 23.2, 83.0, 5], [6, 2, 0, 1, 16.0, 3.0, 22.9, 86.0, 3.0], [7, 2, 0, 1, 16.0, 3.0, 22.9, 86.0, 3.0], [8, 1, 1, 0, 16.0, 4.0, 22.2, 89.0, 0.0], [9, 1, 1, 0, 8.0, 2.0, 22.2, 89.0, 0.0], [10, 2, 1, 1, 8.0, 2.0, 22.2, 89.0, 0.0]
[1, 2, 0, 1, 64.0, 12.0, 22.75, 83.5, 4.0], [2, 2, 0, 1, 8.0, 2.0, 23.5, 80.0, 1.0], [3, 2, 0, 1, 8.0, 1.0, 23.5, 80.0, 1.0], [4, 2, 0, 1, 16.0, 3.0, 23.5, 80.0, 3.0], [5, 2, 0, 1, 32, 6, 23.2, 83.0, 5], [6, 2, 0, 1, 16.0, 3.0, 22.9, 86.0, 3.0], [7, 2, 0, 1, 16.0, 3.0, 22.9, 86.0, 3.0], [8, 1, 1, 0, 8.0, 2.0, 22.2, 89.0, 0.0], [9, 1, 1, 0, 8.0, 2.0, 22.2, 89.0, 0], [10, 1, 1, 0, 8.0, 2.0, 22.2, 89.0, 0], [11, 2, 1, 1, 8.0, 2.0, 22.2, 89.0, 0.0]
[1, 2, 0, 1, 64.0, 12.0, 22.75, 83.5, 4.0], [2, 2, 0, 1, 16.0, 3.0, 23.5, 80.0, 2.0], [3, 2, 0, 1, 16.0, 3.0, 23.5, 80.0, 3.0], [4, 2, 0, 1, 32, 6, 23.2, 83.0, 5], [5, 2, 0, 1, 16.0, 3.0, 22.9, 86.0, 3.0], [6, 2, 0, 1, 16.0, 3.0, 22.9, 86.0, 3.0], [7, 1, 1, 0, 8.0, 2.0, 22.2, 89.0, 0.0], [8, 1, 1, 0, 16.0, 4.0, 22.2, 89.0, 0], [9, 2, 1, 1, 8.0, 2.0, 22.2, 89.0, 0.0]
[1, 2, 0, 1, 64.0, 12.0, 22.75, 83.5, 4.0], [2, 2, 0, 1, 16.0, 3.0, 23.5, 80.0, 2.0], [3, 2, 0, 1, 16.0, 3.0, 23.5, 80.0, 3.0], [4, 2, 0, 1, 32, 6, 23.2, 83.0, 5], [5, 2, 0, 1, 16.0, 3.0, 22.9, 86.0, 3.0], [6, 2, 0, 1, 16.0, 3.0, 22.9, 86.0, 3.0], [7, 1, 1, 0, 16.0, 4.0, 22.2, 89.0, 0.0], [8, 1, 1, 0, 8.0, 2.0, 22.2, 89.0, 0], [9, 2, 1, 1, 8.0, 2.0, 22.2, 89.0, 0.0]
[1, 2, 0, 1, 64.0, 12.0, 22.75, 83.5, 4.0], [2, 2, 0, 1, 16.0, 3.0, 23.5, 80.0, 2.0], [3, 2, 0, 1, 16.0, 3.0, 23.5, 80.0, 3.0], [4, 2, 0, 1, 32, 6, 23.2, 83.0, 5], [5, 2, 0, 1, 16.0, 3.0, 22.9, 86.0, 3.0], [6, 2, 0, 1, 16.0, 3.0, 22.9, 86.0, 3.0], [7, 1, 1, 0, 8.0, 2.0, 22.2, 89.0, 0.0], [8, 1, 1, 0, 16.0, 4.0, 22.2, 89.0, 0], [9, 2, 1, 1, 8.0, 2.0, 22.2, 89.0, 0.0]
[1, 2, 0, 1, 64.0, 12.0, 22.75, 83.5, 4.0], [2, 2, 0, 1, 8.0, 2.0, 23.5, 80.0, 1.0], [3, 2, 0, 1, 8.0, 2.0, 23.5, 80.0, 1.0], [4, 2, 0, 1, 16.0, 3.0, 23.5, 80.0, 3.0], [5, 2, 0, 1, 32, 6, 23.2, 83.0, 5], [6, 2, 0, 1, 16.0, 3.0, 22.9, 86.0, 3.0], [7, 2, 0, 1, 16.0, 3.0, 22.9, 86.0, 3.0], [8, 1, 1, 0, 8.0, 2.0, 22.2, 89.0, 0.0], [9, 1, 1, 0, 8.0, 2.0, 22.2, 89.0, 0], [10, 1, 1, 0, 8.0, 2.0, 22.2, 89.0, 0], [11, 2, 1, 1, 8.0, 2.0, 22.2, 89.0, 0.0]
[1, 2, 0, 1, 64.0, 12.0, 22.75, 83.5, 4.0], [2, 2, 0, 1, 16.0, 3.0, 23.5, 80.0, 2.0], [3, 2, 0, 1, 16.0, 3.0, 23.5, 80.0, 3.0], [4, 2, 0, 1, 32, 6, 23.2, 83.0, 5], [5, 2, 0, 1, 16.0, 3.0, 22.9, 86.0, 3.0], [6, 2, 0, 1, 16.0, 3.0, 22.9, 86.0, 3.0], [7, 1, 1, 0, 8.0, 2.0, 22.2, 89.0, 0], [8, 1, 1, 0, 16.0, 4.0, 22.2, 89.0, 0], [9, 2, 1, 1, 8.0, 2.0, 22.2, 89.0, 0.0]
