 0.14698648 16.23      
 0.14698648 16.23      
 0.14698648 16.23      
 0.15725288 16.14      
 0.15725288 16.14      
 0.14698648 16.23      
 0.14698648 16.23      
 0.14698648 16.23      
 0.14698648 16.23      
 0.14698648 16.23      
 0.14698648 16.23      
 0.14698648 16.23      
 0.14698648 16.23      
 0.14698648 16.23      
 0.14795864 16.17      
 0.14698648 16.23      
 0.14698648 16.23      
 0.15725288 16.14      
 0.14698648 16.23      
 0.14698648 16.23      
 0.14698648 16.23      
 0.14698648 16.23      
 0.14698648 16.23      
 0.15628073 16.2       
 0.15628073 16.2       
 0.15628073 16.2       
 0.15628073 16.2       
 0.15628073 16.2       
 0.15628073 16.2       
 0.15628073 16.2       
 0.15628073 16.2       
 0.15628073 16.2       
 0.15628073 16.2       
 0.15628073 16.2       
 0.15628073 16.2       
 0.15628073 16.2       
 0.15628073 16.2       
 0.15628073 16.2       
 0.15628073 16.2       
 0.15628073 16.2       
 0.15628073 16.2       
 0.15628073 16.2       
 0.15628073 16.2       
 0.15628073 16.2       
 0.15628073 16.2       
 0.15628073 16.2       
 0.15628073 16.2       
 0.15628073 16.2       
 0.15628073 16.2       
 0.15628073 16.2       
