 0.13303539 16.41      
 0.13303539 16.41      
 0.13303539 16.41      
 0.1296353 16.97     
 0.13303539 16.41      
 0.13303539 16.41      
 0.13303539 16.41      
 0.1296353 16.97     
 0.13303539 16.41      
 0.13303539 16.41      
 0.13303539 16.41      
 0.13303539 16.41      
 0.13303539 16.41      
 0.14334332 16.31      
 0.13303539 16.41      
 0.14334332 16.31      
 0.14334332 16.31      
 0.14232964 16.38      
 0.1296353 16.97     
 0.13303539 16.41      
 0.13303539 16.41      
 0.13303539 16.41      
 0.13303539 16.41      
 0.1296353 16.97     
 0.13303539 16.41      
 0.1296353 16.97     
 0.14334332 16.31      
 0.13303539 16.41      
 0.13303539 16.41      
 0.13303539 16.41      
 0.13303539 16.41      
 0.14334332 16.31      
 0.15263757 16.28      
 0.13303539 16.41      
 0.13303539 16.41      
 0.13303539 16.41      
 0.1296353 16.97     
 0.13303539 16.41      
 0.13303539 16.41      
 0.14334332 16.31      
 0.14334332 16.31      
 0.14232964 16.38      
 0.14334332 16.31      
 0.14232964 16.38      
 0.14334332 16.31      
 0.14334332 16.31      
 0.13303539 16.41      
 0.13303539 16.41      
 0.13303539 16.41      
 0.13303539 16.41      
