 0.13445239 16.57      
 0.13253213 16.75      
 0.13851071 16.29      
 0.13382848 16.57      
 0.13851071 16.29      
 0.13382848 16.57      
 0.13851071 16.29      
 0.13851071 16.29      
 0.13851071 16.29      
 0.13851071 16.29      
 0.13382848 16.57      
 0.13382848 16.57      
 0.13382848 16.57      
 0.13851071 16.29      
 0.13445239 16.57      
 0.13382848 16.57      
 0.13851071 16.29      
 0.13382848 16.57      
 0.13851071 16.29      
 0.13851071 16.29      
 0.13851071 16.29      
 0.13382848 16.57      
 0.13925016 16.29      
 0.13851071 16.29      
 0.13851071 16.29      
 0.13382848 16.57      
 0.13851071 16.29      
 0.13851071 16.29      
 0.13851071 16.29      
 0.13382848 16.57      
 0.13253213 16.75      
 0.13382848 16.57      
 0.13851071 16.29      
 0.13851071 16.29      
 0.13851071 16.29      
 0.13382848 16.57      
 0.13382848 16.57      
 0.13851071 16.29      
 0.13445239 16.57      
 0.13382848 16.57      
 0.13851071 16.29      
 0.13851071 16.29      
 0.13382848 16.57      
 0.13382848 16.57      
 0.13851071 16.29      
 0.13925016 16.29      
 0.13382848 16.57      
 0.13382848 16.57      
 0.13382848 16.57      
 0.13851071 16.29      
