 0.1505766 16.31     
 0.12614284 17.81      
 0.1492935 16.37     
 0.12614284 17.81      
 0.1492935 16.37     
 0.12614284 17.81      
 0.12614284 17.81      
 0.14904919 16.79      
 0.12614284 17.81      
 0.1505766 16.31     
 0.1505766 16.31     
 0.1505766 16.31     
 0.1492935 16.37     
 0.12614284 17.81      
 0.1492935 16.37     
 0.12614284 17.81      
 0.1505766 16.31     
 0.1492935 16.37     
 0.12614284 17.81      
 0.12614284 17.81      
 0.1505766 16.31     
 0.14916456 16.58      
 0.1492935 16.37     
 0.12614284 17.81      
 0.14904919 16.79      
 0.12614284 17.81      
 0.12614284 17.81      
 0.13662853 16.99      
 0.14916456 16.58      
 0.12614284 17.81      
 0.1505766 16.31     
 0.12614284 17.81      
 0.12614284 17.81      
 0.14904919 16.79      
 0.1492935 16.37     
 0.12614284 17.81      
 0.1492935 16.37     
 0.1505766 16.31     
 0.12614284 17.81      
 0.1505766 16.31     
 0.12614284 17.81      
 0.1492935 16.37     
 0.1492935 16.37     
 0.12614284 17.81      
 0.12614284 17.81      
 0.1492935 16.37     
 0.12614284 17.81      
 0.12614284 17.81      
 0.12614284 17.81      
 0.12614284 17.81      
