[1, 2, 0, 1, 72.0, 14.0, 22.833333333333332, 83.11111111111111, 4.0], [2, 1, 0, 0, 8.0, 2.0, 23.5, 80.0, 0], [3, 2, 0, 1, 12.0, 3.0, 23.5, 80.0, 3.0], [4, 2, 0, 1, 12.0, 2.0, 23.299999999999997, 82.0, 2.0], [5, 2, 0, 1, 24.0, 5.0, 23.2, 83.0, 5.0], [6, 2, 0, 1, 16.0, 3.0, 22.9, 86.0, 3.0], [7, 2, 0, 1, 16.0, 3.0, 22.9, 86.0, 3.0], [8, 2, 1, 1, 8.0, 2.0, 22.2, 89.0, 0.0], [9, 1, 1, 0, 8.0, 2.0, 22.2, 89.0, 0.0], [10, 1, 1, 0, 8.0, 2.0, 22.2, 89.0, 0], [11, 1, 1, 0, 8.0, 2.0, 22.2, 89.0, 0.0]
[1, 1, 0, 0, 64, 12, 22.75, 83.5, 0], [2, 2, 0, 1, 8.0, 2.0, 23.5, 80.0, 2.0], [3, 2, 0, 1, 8.0, 2.0, 23.5, 80.0, 2.0], [4, 2, 0, 1, 12.0, 3.0, 23.5, 80.0, 3.0], [5, 2, 0, 1, 6.0, 1.0, 23.4, 81.0, 1.0], [6, 2, 0, 1, 6.0, 1.0, 23.2, 83.0, 1.0], [7, 2, 0, 1, 24.0, 5.0, 23.2, 83.0, 5.0], [8, 2, 0, 1, 16.0, 3.0, 22.9, 86.0, 3.0], [9, 2, 0, 1, 16.0, 3.0, 22.9, 86.0, 3.0], [10, 2, 1, 1, 8.0, 2.0, 22.2, 89.0, 0.0], [11, 1, 1, 0, 24.0, 6.0, 22.2, 89.0, 0]
[1, 2, 0, 1, 72.0, 14.0, 22.833333333333332, 83.11111111111111, 5.0], [2, 2, 0, 1, 8.0, 2.0, 23.5, 80.0, 2.0], [3, 2, 0, 1, 12.0, 3.0, 23.5, 80.0, 3.0], [4, 2, 0, 1, 12.0, 2.0, 23.299999999999997, 82.0, 2.0], [5, 2, 0, 1, 24.0, 5.0, 23.2, 83.0, 5.0], [6, 2, 0, 1, 16.0, 3.0, 22.9, 86.0, 3.0], [7, 1, 0, 0, 8.0, 2.0, 22.9, 86.0, 0.0], [8, 1, 0, 0, 8.0, 1.0, 22.9, 86.0, 0.0], [9, 2, 1, 1, 8.0, 2.0, 22.2, 89.0, 0.0], [10, 1, 1, 0, 16.0, 4.0, 22.2, 89.0, 0.0], [11, 1, 1, 0, 8.0, 2.0, 22.2, 89.0, 0.0]
[1, 2, 0, 1, 72.0, 14.0, 22.833333333333332, 83.11111111111111, 2.0], [2, 2, 0, 1, 8.0, 2.0, 23.5, 80.0, 2.0], [3, 2, 0, 1, 6.0, 2.0, 23.5, 80.0, 2.0], [4, 2, 0, 1, 6.0, 1.0, 23.5, 80.0, 1.0], [5, 2, 0, 1, 12.0, 2.0, 23.299999999999997, 82.0, 2.0], [6, 2, 0, 1, 24.0, 5.0, 23.2, 83.0, 5.0], [7, 2, 0, 1, 16.0, 3.0, 22.9, 86.0, 3.0], [8, 2, 0, 1, 16.0, 3.0, 22.9, 86.0, 3.0], [9, 2, 1, 1, 8.0, 2.0, 22.2, 89.0, 0.0], [10, 1, 1, 0, 16.0, 4.0, 22.2, 89.0, 0.0], [11, 1, 1, 0, 8.0, 2.0, 22.2, 89.0, 0.0]
[1, 1, 0, 0, 64, 12, 22.75, 83.5, 0], [2, 2, 0, 1, 8.0, 2.0, 23.5, 80.0, 2.0], [3, 2, 0, 1, 8.0, 2.0, 23.5, 80.0, 2.0], [4, 2, 0, 1, 12.0, 3.0, 23.5, 80.0, 3.0], [5, 2, 0, 1, 6.0, 1.0, 23.4, 81.0, 1.0], [6, 2, 0, 1, 6.0, 1.0, 23.2, 83.0, 1.0], [7, 2, 0, 1, 24.0, 5.0, 23.2, 83.0, 5.0], [8, 2, 0, 1, 16.0, 3.0, 22.9, 86.0, 3.0], [9, 2, 0, 1, 16.0, 3.0, 22.9, 86.0, 3.0], [10, 2, 1, 1, 8.0, 2.0, 22.2, 89.0, 0.0], [11, 1, 1, 0, 24.0, 6.0, 22.2, 89.0, 0]
[1, 2, 0, 1, 72.0, 14.0, 22.833333333333332, 83.11111111111111, 2.0], [2, 2, 0, 1, 8.0, 2.0, 23.5, 80.0, 2.0], [3, 2, 0, 1, 12.0, 3.0, 23.5, 80.0, 3.0], [4, 2, 0, 1, 12.0, 2.0, 23.299999999999997, 82.0, 2.0], [5, 2, 0, 1, 24.0, 5.0, 23.2, 83.0, 5.0], [6, 2, 0, 1, 16.0, 3.0, 22.9, 86.0, 3.0], [7, 2, 0, 1, 16.0, 3.0, 22.9, 86.0, 3.0], [8, 2, 1, 1, 8.0, 2.0, 22.2, 89.0, 0.0], [9, 1, 1, 0, 8.0, 2.0, 22.2, 89.0, 0.0], [10, 1, 1, 0, 8.0, 2.0, 22.2, 89.0, 0], [11, 1, 1, 0, 8.0, 2.0, 22.2, 89.0, 0.0]
[1, 2, 0, 1, 72.0, 14.0, 22.833333333333332, 83.11111111111111, 5.0], [2, 2, 0, 1, 8.0, 2.0, 23.5, 80.0, 2.0], [3, 2, 0, 1, 12.0, 3.0, 23.5, 80.0, 3.0], [4, 2, 0, 1, 12.0, 2.0, 23.299999999999997, 82.0, 2.0], [5, 2, 0, 1, 24.0, 5.0, 23.2, 83.0, 5.0], [6, 1, 0, 0, 16.0, 3.0, 22.9, 86.0, 0], [7, 2, 0, 1, 16.0, 3.0, 22.9, 86.0, 3.0], [8, 2, 1, 1, 8.0, 2.0, 22.2, 89.0, 0.0], [9, 1, 1, 0, 16.0, 4.0, 22.2, 89.0, 0], [10, 1, 1, 0, 8.0, 2.0, 22.2, 89.0, 0.0]
[1, 1, 0, 0, 64, 12, 22.75, 83.5, 0], [2, 2, 0, 1, 8.0, 2.0, 23.5, 80.0, 2.0], [3, 2, 0, 1, 8.0, 2.0, 23.5, 80.0, 2.0], [4, 2, 0, 1, 12.0, 3.0, 23.5, 80.0, 3.0], [5, 2, 0, 1, 6.0, 1.0, 23.4, 81.0, 1.0], [6, 2, 0, 1, 6.0, 1.0, 23.2, 83.0, 1.0], [7, 2, 0, 1, 24.0, 5.0, 23.2, 83.0, 5.0], [8, 2, 0, 1, 16.0, 3.0, 22.9, 86.0, 3.0], [9, 2, 0, 1, 16.0, 3.0, 22.9, 86.0, 3.0], [10, 2, 1, 1, 8.0, 2.0, 22.2, 89.0, 0.0], [11, 1, 1, 0, 24.0, 6.0, 22.2, 89.0, 0]
[1, 2, 0, 1, 72.0, 14.0, 22.833333333333332, 83.11111111111111, 5.0], [2, 2, 0, 1, 8.0, 2.0, 23.5, 80.0, 2.0], [3, 2, 0, 1, 12.0, 3.0, 23.5, 80.0, 3.0], [4, 2, 0, 1, 36.0, 7.0, 23.23333333333333, 82.66666666666666, 7.0], [5, 2, 0, 1, 16.0, 3.0, 22.9, 86.0, 3.0], [6, 1, 0, 0, 8.0, 2.0, 22.9, 86.0, 0.0], [7, 1, 0, 0, 8.0, 1.0, 22.9, 86.0, 0.0], [8, 2, 1, 1, 8.0, 2.0, 22.2, 89.0, 0.0], [9, 1, 1, 0, 16.0, 4.0, 22.2, 89.0, 0.0], [10, 1, 1, 0, 8.0, 2.0, 22.2, 89.0, 0.0]
[1, 2, 0, 1, 72.0, 14.0, 22.833333333333332, 83.11111111111111, 2.0], [2, 2, 0, 1, 8.0, 2.0, 23.5, 80.0, 2.0], [3, 2, 0, 1, 12.0, 3.0, 23.5, 80.0, 3.0], [4, 2, 0, 1, 12.0, 2.0, 23.299999999999997, 82.0, 2.0], [5, 2, 0, 1, 24.0, 5.0, 23.2, 83.0, 5.0], [6, 2, 0, 1, 16.0, 3.0, 22.9, 86.0, 3.0], [7, 2, 0, 1, 16.0, 3.0, 22.9, 86.0, 3.0], [8, 2, 1, 1, 8.0, 2.0, 22.2, 89.0, 0.0], [9, 1, 1, 0, 16.0, 4.0, 22.2, 89.0, 0.0], [10, 1, 1, 0, 8.0, 2.0, 22.2, 89.0, 0.0]
[1, 1, 0, 0, 64, 12, 22.75, 83.5, 0], [2, 2, 0, 1, 8.0, 2.0, 23.5, 80.0, 2.0], [3, 2, 0, 1, 8.0, 2.0, 23.5, 80.0, 2.0], [4, 2, 0, 1, 12.0, 3.0, 23.5, 80.0, 3.0], [5, 2, 0, 1, 6.0, 1.0, 23.4, 81.0, 1.0], [6, 2, 0, 1, 6.0, 1.0, 23.2, 83.0, 1.0], [7, 2, 0, 1, 24.0, 5.0, 23.2, 83.0, 5.0], [8, 2, 0, 1, 16.0, 3.0, 22.9, 86.0, 3.0], [9, 2, 0, 1, 16.0, 3.0, 22.9, 86.0, 3.0], [10, 2, 1, 1, 8.0, 2.0, 22.2, 89.0, 0.0], [11, 1, 1, 0, 24.0, 6.0, 22.2, 89.0, 0]
[1, 2, 0, 1, 72.0, 14.0, 22.833333333333332, 83.11111111111111, 5.0], [2, 2, 0, 1, 8.0, 2.0, 23.5, 80.0, 2.0], [3, 2, 0, 1, 12.0, 3.0, 23.5, 80.0, 3.0], [4, 2, 0, 1, 12.0, 2.0, 23.299999999999997, 82.0, 2.0], [5, 2, 0, 1, 24.0, 5.0, 23.2, 83.0, 5.0], [6, 1, 0, 0, 16.0, 3.0, 22.9, 86.0, 0], [7, 2, 0, 1, 16.0, 3.0, 22.9, 86.0, 3.0], [8, 2, 1, 1, 8.0, 2.0, 22.2, 89.0, 0.0], [9, 1, 1, 0, 24.0, 6.0, 22.2, 89.0, 0.0]
[1, 1, 0, 0, 64, 12, 22.75, 83.5, 0], [2, 2, 0, 1, 8.0, 2.0, 23.5, 80.0, 2.0], [3, 2, 0, 1, 8.0, 2.0, 23.5, 80.0, 2.0], [4, 2, 0, 1, 12.0, 3.0, 23.5, 80.0, 3.0], [5, 2, 0, 1, 6.0, 1.0, 23.4, 81.0, 1.0], [6, 2, 0, 1, 6.0, 1.0, 23.2, 83.0, 1.0], [7, 2, 0, 1, 24.0, 5.0, 23.2, 83.0, 5.0], [8, 2, 0, 1, 16.0, 3.0, 22.9, 86.0, 3.0], [9, 2, 0, 1, 16.0, 3.0, 22.9, 86.0, 3.0], [10, 2, 1, 1, 8.0, 2.0, 22.2, 89.0, 0.0], [11, 1, 1, 0, 24.0, 6.0, 22.2, 89.0, 0]
[1, 2, 0, 1, 72.0, 14.0, 22.833333333333332, 83.11111111111111, 5.0], [2, 2, 0, 1, 8.0, 2.0, 23.5, 80.0, 2.0], [3, 2, 0, 1, 12.0, 3.0, 23.5, 80.0, 3.0], [4, 2, 0, 1, 12.0, 2.0, 23.299999999999997, 82.0, 2.0], [5, 2, 0, 1, 24.0, 5.0, 23.2, 83.0, 5.0], [6, 1, 0, 0, 16.0, 3.0, 22.9, 86.0, 0], [7, 2, 0, 1, 16.0, 3.0, 22.9, 86.0, 3.0], [8, 2, 1, 1, 8.0, 2.0, 22.2, 89.0, 0.0], [9, 1, 1, 0, 16.0, 4.0, 22.2, 89.0, 0.0], [10, 1, 1, 0, 8.0, 2.0, 22.2, 89.0, 0]
[1, 2, 0, 1, 72.0, 14.0, 22.833333333333332, 83.11111111111111, 5.0], [2, 2, 0, 1, 8.0, 2.0, 23.5, 80.0, 2.0], [3, 2, 0, 1, 12.0, 3.0, 23.5, 80.0, 3.0], [4, 2, 0, 1, 12.0, 2.0, 23.299999999999997, 82.0, 2.0], [5, 2, 0, 1, 24.0, 5.0, 23.2, 83.0, 5.0], [6, 1, 0, 0, 16.0, 3.0, 22.9, 86.0, 0], [7, 2, 0, 1, 16.0, 3.0, 22.9, 86.0, 3.0], [8, 2, 1, 1, 8.0, 2.0, 22.2, 89.0, 0.0], [9, 1, 1, 0, 16.0, 4.0, 22.2, 89.0, 0], [10, 1, 1, 0, 8.0, 2.0, 22.2, 89.0, 0.0]
[1, 2, 0, 1, 72.0, 14.0, 22.833333333333332, 83.11111111111111, 2.0], [2, 2, 0, 1, 8.0, 2.0, 23.5, 80.0, 2.0], [3, 2, 0, 1, 12.0, 3.0, 23.5, 80.0, 3.0], [4, 2, 0, 1, 12.0, 2.0, 23.299999999999997, 82.0, 2.0], [5, 2, 0, 1, 24.0, 5.0, 23.2, 83.0, 5.0], [6, 2, 0, 1, 16.0, 3.0, 22.9, 86.0, 3.0], [7, 2, 0, 1, 16.0, 3.0, 22.9, 86.0, 3.0], [8, 2, 1, 1, 8.0, 2.0, 22.2, 89.0, 0.0], [9, 1, 1, 0, 8.0, 2.0, 22.2, 89.0, 0.0], [10, 1, 1, 0, 8.0, 2.0, 22.2, 89.0, 0.0], [11, 1, 1, 0, 8.0, 2.0, 22.2, 89.0, 0.0]
[1, 2, 0, 1, 72.0, 14.0, 22.833333333333332, 83.11111111111111, 5.0], [2, 2, 0, 1, 8.0, 2.0, 23.5, 80.0, 2.0], [3, 2, 0, 1, 12.0, 3.0, 23.5, 80.0, 3.0], [4, 2, 0, 1, 12.0, 2.0, 23.299999999999997, 82.0, 2.0], [5, 2, 0, 1, 24.0, 5.0, 23.2, 83.0, 5.0], [6, 1, 0, 0, 16.0, 3.0, 22.9, 86.0, 0], [7, 2, 0, 1, 16.0, 3.0, 22.9, 86.0, 3.0], [8, 2, 1, 1, 8.0, 2.0, 22.2, 89.0, 0.0], [9, 1, 1, 0, 16.0, 4.0, 22.2, 89.0, 0], [10, 1, 1, 0, 8.0, 2.0, 22.2, 89.0, 0.0]
[1, 2, 0, 1, 72.0, 14.0, 22.833333333333332, 83.11111111111111, 2.0], [2, 2, 0, 1, 8.0, 2.0, 23.5, 80.0, 2.0], [3, 2, 0, 1, 12.0, 3.0, 23.5, 80.0, 3.0], [4, 2, 0, 1, 12.0, 2.0, 23.299999999999997, 82.0, 2.0], [5, 2, 0, 1, 24.0, 5.0, 23.2, 83.0, 5.0], [6, 2, 0, 1, 16.0, 3.0, 22.9, 86.0, 3.0], [7, 2, 0, 1, 16.0, 3.0, 22.9, 86.0, 3.0], [8, 2, 1, 1, 8.0, 2.0, 22.2, 89.0, 0.0], [9, 1, 1, 0, 16.0, 4.0, 22.2, 89.0, 0.0], [10, 1, 1, 0, 8.0, 2.0, 22.2, 89.0, 0.0]
[1, 2, 0, 1, 72.0, 14.0, 22.833333333333332, 83.11111111111111, 2.0], [2, 2, 0, 1, 8.0, 2.0, 23.5, 80.0, 2.0], [3, 2, 0, 1, 6.0, 2.0, 23.5, 80.0, 2.0], [4, 2, 0, 1, 6.0, 1.0, 23.5, 80.0, 1.0], [5, 2, 0, 1, 12.0, 2.0, 23.299999999999997, 82.0, 2.0], [6, 2, 0, 1, 24.0, 5.0, 23.2, 83.0, 5.0], [7, 2, 0, 1, 16.0, 3.0, 22.9, 86.0, 3.0], [8, 2, 0, 1, 16.0, 3.0, 22.9, 86.0, 3.0], [9, 2, 1, 1, 8.0, 2.0, 22.2, 89.0, 0.0], [10, 1, 1, 0, 8.0, 2.0, 22.2, 89.0, 0.0], [11, 1, 1, 0, 8.0, 2.0, 22.2, 89.0, 0.0], [12, 1, 1, 0, 8.0, 2.0, 22.2, 89.0, 0.0]
[1, 2, 0, 1, 72.0, 14.0, 22.833333333333332, 83.11111111111111, 5.0], [2, 2, 0, 1, 8.0, 2.0, 23.5, 80.0, 2.0], [3, 2, 0, 1, 12.0, 3.0, 23.5, 80.0, 3.0], [4, 2, 0, 1, 12.0, 2.0, 23.299999999999997, 82.0, 2.0], [5, 2, 0, 1, 24.0, 5.0, 23.2, 83.0, 5.0], [6, 2, 0, 1, 16.0, 3.0, 22.9, 86.0, 3.0], [7, 1, 0, 0, 16.0, 3.0, 22.9, 86.0, 0], [8, 2, 1, 1, 8.0, 2.0, 22.2, 89.0, 0.0], [9, 1, 1, 0, 16.0, 4.0, 22.2, 89.0, 0.0], [10, 1, 1, 0, 8.0, 2.0, 22.2, 89.0, 0.0]
[1, 2, 0, 1, 72.0, 14.0, 22.833333333333332, 83.11111111111111, 2.0], [2, 2, 0, 1, 8.0, 2.0, 23.5, 80.0, 2.0], [3, 2, 0, 1, 6.0, 2.0, 23.5, 80.0, 2.0], [4, 2, 0, 1, 6.0, 1.0, 23.5, 80.0, 1.0], [5, 2, 0, 1, 12.0, 2.0, 23.299999999999997, 82.0, 2.0], [6, 2, 0, 1, 24.0, 5.0, 23.2, 83.0, 5.0], [7, 2, 0, 1, 16.0, 3.0, 22.9, 86.0, 3.0], [8, 2, 0, 1, 16.0, 3.0, 22.9, 86.0, 3.0], [9, 2, 1, 1, 8.0, 2.0, 22.2, 89.0, 0.0], [10, 1, 1, 0, 8.0, 2.0, 22.2, 89.0, 0.0], [11, 1, 1, 0, 8.0, 2.0, 22.2, 89.0, 0.0], [12, 1, 1, 0, 8.0, 2.0, 22.2, 89.0, 0.0]
[1, 2, 0, 1, 72.0, 14.0, 22.833333333333332, 83.11111111111111, 2.0], [2, 2, 0, 1, 8.0, 2.0, 23.5, 80.0, 2.0], [3, 2, 0, 1, 12.0, 3.0, 23.5, 80.0, 3.0], [4, 2, 0, 1, 12.0, 2.0, 23.299999999999997, 82.0, 2.0], [5, 2, 0, 1, 24.0, 5.0, 23.2, 83.0, 5.0], [6, 2, 0, 1, 16.0, 3.0, 22.9, 86.0, 3.0], [7, 2, 0, 1, 16.0, 3.0, 22.9, 86.0, 3.0], [8, 2, 1, 1, 8.0, 2.0, 22.2, 89.0, 0.0], [9, 1, 1, 0, 8.0, 2.0, 22.2, 89.0, 0.0], [10, 1, 1, 0, 8.0, 2.0, 22.2, 89.0, 0], [11, 1, 1, 0, 8.0, 2.0, 22.2, 89.0, 0.0]
[1, 2, 0, 1, 72.0, 14.0, 22.833333333333332, 83.11111111111111, 2.0], [2, 2, 0, 1, 8.0, 2.0, 23.5, 80.0, 2.0], [3, 2, 0, 1, 12.0, 3.0, 23.5, 80.0, 3.0], [4, 2, 0, 1, 12.0, 2.0, 23.299999999999997, 82.0, 2.0], [5, 2, 0, 1, 24.0, 5.0, 23.2, 83.0, 5.0], [6, 2, 0, 1, 16.0, 3.0, 22.9, 86.0, 3.0], [7, 2, 0, 1, 16.0, 3.0, 22.9, 86.0, 3.0], [8, 2, 1, 1, 8.0, 2.0, 22.2, 89.0, 0.0], [9, 1, 1, 0, 16.0, 4.0, 22.2, 89.0, 0.0], [10, 1, 1, 0, 8.0, 2.0, 22.2, 89.0, 0.0]
[1, 2, 0, 1, 64, 12, 22.75, 83.5, 5.0], [2, 2, 0, 1, 8.0, 2.0, 23.5, 80.0, 1.0], [3, 2, 0, 1, 8.0, 2.0, 23.5, 80.0, 1.0], [4, 2, 0, 1, 24.0, 5.0, 23.4, 81.0, 3.0], [5, 2, 0, 1, 24.0, 5.0, 23.2, 83.0, 4.0], [6, 2, 0, 1, 16.0, 3.0, 22.9, 86.0, 3.0], [7, 2, 0, 1, 16.0, 3.0, 22.9, 86.0, 3.0], [8, 2, 1, 1, 8.0, 2.0, 22.2, 89.0, 0.0], [9, 1, 1, 0, 8.0, 2.0, 22.2, 89.0, 0.0], [10, 1, 1, 0, 8.0, 2.0, 22.2, 89.0, 0.0], [11, 1, 1, 0, 8.0, 2.0, 22.2, 89.0, 0.0]
[1, 2, 0, 1, 72.0, 14.0, 22.833333333333332, 83.11111111111111, 2.0], [2, 2, 0, 1, 8.0, 2.0, 23.5, 80.0, 2.0], [3, 2, 0, 1, 12.0, 3.0, 23.5, 80.0, 3.0], [4, 2, 0, 1, 12.0, 2.0, 23.299999999999997, 82.0, 2.0], [5, 2, 0, 1, 24.0, 5.0, 23.2, 83.0, 5.0], [6, 2, 0, 1, 8.0, 2.0, 22.9, 86.0, 1.0], [7, 2, 0, 1, 8.0, 2.0, 22.9, 86.0, 2.0], [8, 2, 0, 1, 16.0, 3.0, 22.9, 86.0, 3.0], [9, 2, 1, 1, 8.0, 2.0, 22.2, 89.0, 0.0], [10, 1, 1, 0, 8.0, 2.0, 22.2, 89.0, 0.0], [11, 1, 1, 0, 8.0, 2.0, 22.2, 89.0, 0], [12, 1, 1, 0, 8.0, 2.0, 22.2, 89.0, 0.0]
[1, 2, 0, 1, 64, 12, 22.75, 83.5, 5.0], [2, 2, 0, 1, 8.0, 2.0, 23.5, 80.0, 1.0], [3, 2, 0, 1, 8.0, 2.0, 23.5, 80.0, 1.0], [4, 2, 0, 1, 24.0, 5.0, 23.4, 81.0, 3.0], [5, 2, 0, 1, 24.0, 5.0, 23.2, 83.0, 4.0], [6, 2, 0, 1, 16.0, 3.0, 22.9, 86.0, 3.0], [7, 2, 0, 1, 16.0, 3.0, 22.9, 86.0, 3.0], [8, 2, 1, 1, 8.0, 2.0, 22.2, 89.0, 0.0], [9, 1, 1, 0, 16.0, 4.0, 22.2, 89.0, 0], [10, 1, 1, 0, 8.0, 2.0, 22.2, 89.0, 0.0]
[1, 2, 0, 1, 64, 12, 22.75, 83.5, 5.0], [2, 2, 0, 1, 8.0, 2.0, 23.5, 80.0, 1.0], [3, 2, 0, 1, 8.0, 2.0, 23.5, 80.0, 1.0], [4, 2, 0, 1, 24.0, 5.0, 23.4, 81.0, 3.0], [5, 2, 0, 1, 24.0, 5.0, 23.2, 83.0, 4.0], [6, 2, 0, 1, 16.0, 3.0, 22.9, 86.0, 3.0], [7, 2, 0, 1, 16.0, 3.0, 22.9, 86.0, 3.0], [8, 2, 1, 1, 8.0, 2.0, 22.2, 89.0, 0.0], [9, 1, 1, 0, 16.0, 4.0, 22.2, 89.0, 0.0], [10, 1, 1, 0, 8.0, 2.0, 22.2, 89.0, 0.0]
[1, 2, 0, 1, 64, 12, 22.75, 83.5, 5.0], [2, 2, 0, 1, 8.0, 2.0, 23.5, 80.0, 1.0], [3, 2, 0, 1, 8.0, 2.0, 23.5, 80.0, 1.0], [4, 2, 0, 1, 24.0, 5.0, 23.4, 81.0, 3.0], [5, 2, 0, 1, 24.0, 5.0, 23.2, 83.0, 4.0], [6, 2, 0, 1, 16.0, 3.0, 22.9, 86.0, 3.0], [7, 2, 0, 1, 16.0, 3.0, 22.9, 86.0, 3.0], [8, 2, 1, 1, 8.0, 2.0, 22.2, 89.0, 0.0], [9, 1, 1, 0, 16.0, 4.0, 22.2, 89.0, 0.0], [10, 1, 1, 0, 8.0, 2.0, 22.2, 89.0, 0.0]
[1, 2, 0, 1, 64, 12, 22.75, 83.5, 5.0], [2, 2, 0, 1, 16.0, 4.0, 23.5, 80.0, 2.0], [3, 2, 0, 1, 24.0, 5.0, 23.4, 81.0, 3.0], [4, 2, 0, 1, 24.0, 5.0, 23.2, 83.0, 4.0], [5, 2, 0, 1, 16.0, 3.0, 22.9, 86.0, 3.0], [6, 2, 0, 1, 16.0, 3.0, 22.9, 86.0, 3.0], [7, 2, 1, 1, 8.0, 2.0, 22.2, 89.0, 0.0], [8, 1, 1, 0, 16.0, 4.0, 22.2, 89.0, 0.0], [9, 1, 1, 0, 8.0, 2.0, 22.2, 89.0, 0.0]
[1, 2, 0, 1, 64, 12, 22.75, 83.5, 5.0], [2, 2, 0, 1, 8.0, 2.0, 23.5, 80.0, 1.0], [3, 2, 0, 1, 8.0, 2.0, 23.5, 80.0, 1.0], [4, 2, 0, 1, 24.0, 5.0, 23.4, 81.0, 3.0], [5, 2, 0, 1, 24.0, 5.0, 23.2, 83.0, 4.0], [6, 2, 0, 1, 16.0, 3.0, 22.9, 86.0, 3.0], [7, 2, 0, 1, 16.0, 3.0, 22.9, 86.0, 3.0], [8, 2, 1, 1, 8.0, 2.0, 22.2, 89.0, 0.0], [9, 1, 1, 0, 8.0, 2.0, 22.2, 89.0, 0.0], [10, 1, 1, 0, 8.0, 2.0, 22.2, 89.0, 0], [11, 1, 1, 0, 8.0, 2.0, 22.2, 89.0, 0.0]
[1, 2, 0, 1, 64, 12, 22.75, 83.5, 5.0], [2, 2, 0, 1, 8.0, 2.0, 23.5, 80.0, 1.0], [3, 2, 0, 1, 8.0, 2.0, 23.5, 80.0, 1.0], [4, 2, 0, 1, 24.0, 5.0, 23.4, 81.0, 3.0], [5, 2, 0, 1, 24.0, 5.0, 23.2, 83.0, 4.0], [6, 2, 0, 1, 16.0, 3.0, 22.9, 86.0, 3.0], [7, 2, 0, 1, 16.0, 3.0, 22.9, 86.0, 3.0], [8, 2, 1, 1, 8.0, 2.0, 22.2, 89.0, 0.0], [9, 1, 1, 0, 8.0, 2.0, 22.2, 89.0, 0.0], [10, 1, 1, 0, 16.0, 4.0, 22.2, 89.0, 0.0]
[1, 2, 0, 1, 64, 12, 22.75, 83.5, 5.0], [2, 2, 0, 1, 16.0, 4.0, 23.5, 80.0, 2.0], [3, 2, 0, 1, 24.0, 5.0, 23.4, 81.0, 3.0], [4, 2, 0, 1, 24.0, 5.0, 23.2, 83.0, 4.0], [5, 2, 0, 1, 16.0, 3.0, 22.9, 86.0, 3.0], [6, 2, 0, 1, 16.0, 3.0, 22.9, 86.0, 3.0], [7, 2, 1, 1, 8.0, 2.0, 22.2, 89.0, 0.0], [8, 1, 1, 0, 8.0, 2.0, 22.2, 89.0, 0.0], [9, 1, 1, 0, 8.0, 2.0, 22.2, 89.0, 0.0], [10, 1, 1, 0, 8.0, 2.0, 22.2, 89.0, 0.0]
[1, 2, 0, 1, 64, 12, 22.75, 83.5, 5.0], [2, 2, 0, 1, 8.0, 2.0, 23.5, 80.0, 1.0], [3, 2, 0, 1, 8.0, 2.0, 23.5, 80.0, 1.0], [4, 2, 0, 1, 12.0, 3.0, 23.5, 80.0, 2.0], [5, 2, 0, 1, 12.0, 2.0, 23.299999999999997, 82.0, 1.0], [6, 2, 0, 1, 24.0, 5.0, 23.2, 83.0, 4.0], [7, 2, 0, 1, 16.0, 3.0, 22.9, 86.0, 3.0], [8, 2, 0, 1, 16.0, 3.0, 22.9, 86.0, 3.0], [9, 2, 1, 1, 8.0, 2.0, 22.2, 89.0, 0.0], [10, 1, 1, 0, 16.0, 4.0, 22.2, 89.0, 0.0], [11, 1, 1, 0, 8.0, 2.0, 22.2, 89.0, 0.0]
[1, 2, 0, 1, 64, 12, 22.75, 83.5, 5.0], [2, 2, 0, 1, 8.0, 2.0, 23.5, 80.0, 1.0], [3, 2, 0, 1, 8.0, 2.0, 23.5, 80.0, 1.0], [4, 2, 0, 1, 24.0, 5.0, 23.4, 81.0, 3.0], [5, 2, 0, 1, 24.0, 5.0, 23.2, 83.0, 4.0], [6, 2, 0, 1, 16.0, 3.0, 22.9, 86.0, 3.0], [7, 2, 0, 1, 16.0, 3.0, 22.9, 86.0, 3.0], [8, 2, 1, 1, 8.0, 2.0, 22.2, 89.0, 0.0], [9, 1, 1, 0, 16.0, 4.0, 22.2, 89.0, 0], [10, 1, 1, 0, 8.0, 2.0, 22.2, 89.0, 0]
[1, 2, 0, 1, 64, 12, 22.75, 83.5, 5.0], [2, 2, 0, 1, 8.0, 2.0, 23.5, 80.0, 1.0], [3, 2, 0, 1, 8.0, 2.0, 23.5, 80.0, 1.0], [4, 2, 0, 1, 24.0, 5.0, 23.4, 81.0, 3.0], [5, 2, 0, 1, 24.0, 5.0, 23.2, 83.0, 4.0], [6, 2, 0, 1, 16.0, 3.0, 22.9, 86.0, 3.0], [7, 2, 0, 1, 16.0, 3.0, 22.9, 86.0, 3.0], [8, 2, 1, 1, 8.0, 2.0, 22.2, 89.0, 0.0], [9, 1, 1, 0, 16.0, 4.0, 22.2, 89.0, 0], [10, 1, 1, 0, 8.0, 2.0, 22.2, 89.0, 0]
[1, 2, 0, 1, 64, 12, 22.75, 83.5, 5.0], [2, 2, 0, 1, 8.0, 2.0, 23.5, 80.0, 1.0], [3, 2, 0, 1, 8.0, 2.0, 23.5, 80.0, 1.0], [4, 2, 0, 1, 24.0, 5.0, 23.4, 81.0, 3.0], [5, 2, 0, 1, 24.0, 5.0, 23.2, 83.0, 4.0], [6, 2, 0, 1, 16.0, 3.0, 22.9, 86.0, 3.0], [7, 2, 0, 1, 16.0, 3.0, 22.9, 86.0, 3.0], [8, 2, 1, 1, 8.0, 2.0, 22.2, 89.0, 0.0], [9, 1, 1, 0, 16.0, 4.0, 22.2, 89.0, 0.0], [10, 1, 1, 0, 8.0, 2.0, 22.2, 89.0, 0.0]
[1, 2, 0, 1, 64, 12, 22.75, 83.5, 5.0], [2, 2, 0, 1, 8.0, 2.0, 23.5, 80.0, 1.0], [3, 2, 0, 1, 8.0, 2.0, 23.5, 80.0, 1.0], [4, 2, 0, 1, 24.0, 5.0, 23.4, 81.0, 3.0], [5, 2, 0, 1, 24.0, 5.0, 23.2, 83.0, 4.0], [6, 2, 0, 1, 16.0, 3.0, 22.9, 86.0, 3.0], [7, 2, 0, 1, 16.0, 3.0, 22.9, 86.0, 3.0], [8, 2, 1, 1, 8.0, 2.0, 22.2, 89.0, 0.0], [9, 1, 1, 0, 8.0, 2.0, 22.2, 89.0, 0.0], [10, 1, 1, 0, 8.0, 2.0, 22.2, 89.0, 0.0], [11, 1, 1, 0, 8.0, 2.0, 22.2, 89.0, 0.0]
[1, 2, 0, 1, 64, 12, 22.75, 83.5, 5.0], [2, 2, 0, 1, 8.0, 2.0, 23.5, 80.0, 1.0], [3, 2, 0, 1, 8.0, 2.0, 23.5, 80.0, 1.0], [4, 2, 0, 1, 24.0, 5.0, 23.4, 81.0, 3.0], [5, 2, 0, 1, 24.0, 5.0, 23.2, 83.0, 4.0], [6, 2, 0, 1, 16.0, 3.0, 22.9, 86.0, 3.0], [7, 2, 0, 1, 16.0, 3.0, 22.9, 86.0, 3.0], [8, 2, 1, 1, 8.0, 2.0, 22.2, 89.0, 0.0], [9, 1, 1, 0, 8.0, 2.0, 22.2, 89.0, 0.0], [10, 1, 1, 0, 8.0, 2.0, 22.2, 89.0, 0.0], [11, 1, 1, 0, 8.0, 2.0, 22.2, 89.0, 0.0]
[1, 2, 0, 1, 64, 12, 22.75, 83.5, 5.0], [2, 2, 0, 1, 8.0, 2.0, 23.5, 80.0, 1.0], [3, 2, 0, 1, 8.0, 2.0, 23.5, 80.0, 1.0], [4, 2, 0, 1, 24.0, 5.0, 23.4, 81.0, 3.0], [5, 2, 0, 1, 24.0, 5.0, 23.2, 83.0, 4.0], [6, 2, 0, 1, 16.0, 3.0, 22.9, 86.0, 3.0], [7, 2, 0, 1, 16.0, 3.0, 22.9, 86.0, 3.0], [8, 2, 1, 1, 8.0, 2.0, 22.2, 89.0, 0.0], [9, 1, 1, 0, 16.0, 4.0, 22.2, 89.0, 0.0], [10, 1, 1, 0, 8.0, 2.0, 22.2, 89.0, 0.0]
[1, 2, 0, 1, 64, 12, 22.75, 83.5, 5.0], [2, 2, 0, 1, 8.0, 2.0, 23.5, 80.0, 1.0], [3, 2, 0, 1, 8.0, 2.0, 23.5, 80.0, 1.0], [4, 2, 0, 1, 24.0, 5.0, 23.4, 81.0, 3.0], [5, 2, 0, 1, 24.0, 5.0, 23.2, 83.0, 4.0], [6, 2, 0, 1, 16.0, 3.0, 22.9, 86.0, 3.0], [7, 2, 0, 1, 16.0, 3.0, 22.9, 86.0, 3.0], [8, 2, 1, 1, 8.0, 2.0, 22.2, 89.0, 0.0], [9, 1, 1, 0, 16.0, 4.0, 22.2, 89.0, 0.0], [10, 1, 1, 0, 8.0, 2.0, 22.2, 89.0, 0.0]
[1, 2, 0, 1, 64, 12, 22.75, 83.5, 5.0], [2, 2, 0, 1, 16.0, 4.0, 23.5, 80.0, 2.0], [3, 2, 0, 1, 24.0, 5.0, 23.4, 81.0, 3.0], [4, 2, 0, 1, 24.0, 5.0, 23.2, 83.0, 4.0], [5, 2, 0, 1, 16.0, 3.0, 22.9, 86.0, 3.0], [6, 2, 0, 1, 16.0, 3.0, 22.9, 86.0, 3.0], [7, 2, 1, 1, 8.0, 2.0, 22.2, 89.0, 0.0], [8, 1, 1, 0, 16.0, 4.0, 22.2, 89.0, 0.0], [9, 1, 1, 0, 8.0, 2.0, 22.2, 89.0, 0.0]
[1, 2, 0, 1, 64, 12, 22.75, 83.5, 5.0], [2, 2, 0, 1, 8.0, 2.0, 23.5, 80.0, 1.0], [3, 2, 0, 1, 8.0, 2.0, 23.5, 80.0, 1.0], [4, 2, 0, 1, 24.0, 5.0, 23.4, 81.0, 3.0], [5, 2, 0, 1, 24.0, 5.0, 23.2, 83.0, 4.0], [6, 2, 0, 1, 16.0, 3.0, 22.9, 86.0, 3.0], [7, 2, 0, 1, 16.0, 3.0, 22.9, 86.0, 3.0], [8, 2, 1, 1, 8.0, 2.0, 22.2, 89.0, 0.0], [9, 1, 1, 0, 16.0, 4.0, 22.2, 89.0, 0.0], [10, 1, 1, 0, 8.0, 2.0, 22.2, 89.0, 0.0]
[1, 2, 0, 1, 64, 12, 22.75, 83.5, 5.0], [2, 2, 0, 1, 16.0, 4.0, 23.5, 80.0, 2.0], [3, 2, 0, 1, 24.0, 5.0, 23.4, 81.0, 3.0], [4, 2, 0, 1, 24.0, 5.0, 23.2, 83.0, 4.0], [5, 2, 0, 1, 16.0, 3.0, 22.9, 86.0, 3.0], [6, 2, 0, 1, 16.0, 3.0, 22.9, 86.0, 3.0], [7, 2, 1, 1, 8.0, 2.0, 22.2, 89.0, 0.0], [8, 1, 1, 0, 8.0, 2.0, 22.2, 89.0, 0.0], [9, 1, 1, 0, 8.0, 2.0, 22.2, 89.0, 0.0], [10, 1, 1, 0, 8.0, 2.0, 22.2, 89.0, 0.0]
[1, 2, 0, 1, 64, 12, 22.75, 83.5, 5.0], [2, 2, 0, 1, 8.0, 2.0, 23.5, 80.0, 1.0], [3, 2, 0, 1, 8.0, 2.0, 23.5, 80.0, 1.0], [4, 2, 0, 1, 24.0, 5.0, 23.4, 81.0, 3.0], [5, 2, 0, 1, 24.0, 5.0, 23.2, 83.0, 4.0], [6, 2, 0, 1, 16.0, 3.0, 22.9, 86.0, 3.0], [7, 2, 0, 1, 16.0, 3.0, 22.9, 86.0, 3.0], [8, 2, 1, 1, 8.0, 2.0, 22.2, 89.0, 0.0], [9, 1, 1, 0, 8.0, 2.0, 22.2, 89.0, 0.0], [10, 1, 1, 0, 8.0, 2.0, 22.2, 89.0, 0], [11, 1, 1, 0, 8.0, 2.0, 22.2, 89.0, 0.0]
[1, 2, 0, 1, 64, 12, 22.75, 83.5, 5.0], [2, 2, 0, 1, 8.0, 2.0, 23.5, 80.0, 1.0], [3, 2, 0, 1, 8.0, 2.0, 23.5, 80.0, 1.0], [4, 2, 0, 1, 24.0, 5.0, 23.4, 81.0, 3.0], [5, 2, 0, 1, 24.0, 5.0, 23.2, 83.0, 4.0], [6, 2, 0, 1, 16.0, 3.0, 22.9, 86.0, 3.0], [7, 2, 0, 1, 16.0, 3.0, 22.9, 86.0, 3.0], [8, 2, 1, 1, 8.0, 2.0, 22.2, 89.0, 0.0], [9, 1, 1, 0, 16.0, 4.0, 22.2, 89.0, 0.0], [10, 1, 1, 0, 8.0, 2.0, 22.2, 89.0, 0.0]
[1, 2, 0, 1, 64, 12, 22.75, 83.5, 5.0], [2, 2, 0, 1, 8.0, 2.0, 23.5, 80.0, 1.0], [3, 2, 0, 1, 8.0, 2.0, 23.5, 80.0, 1.0], [4, 2, 0, 1, 24.0, 5.0, 23.4, 81.0, 3.0], [5, 2, 0, 1, 24.0, 5.0, 23.2, 83.0, 4.0], [6, 2, 0, 1, 16.0, 3.0, 22.9, 86.0, 3.0], [7, 2, 0, 1, 16.0, 3.0, 22.9, 86.0, 3.0], [8, 2, 1, 1, 8.0, 2.0, 22.2, 89.0, 0.0], [9, 1, 1, 0, 16.0, 4.0, 22.2, 89.0, 0], [10, 1, 1, 0, 8.0, 2.0, 22.2, 89.0, 0.0]
[1, 2, 0, 1, 64, 12, 22.75, 83.5, 5.0], [2, 2, 0, 1, 8.0, 2.0, 23.5, 80.0, 1.0], [3, 2, 0, 1, 8.0, 2.0, 23.5, 80.0, 1.0], [4, 2, 0, 1, 24.0, 5.0, 23.4, 81.0, 3.0], [5, 2, 0, 1, 24.0, 5.0, 23.2, 83.0, 4.0], [6, 2, 0, 1, 16.0, 3.0, 22.9, 86.0, 3.0], [7, 2, 0, 1, 16.0, 3.0, 22.9, 86.0, 3.0], [8, 2, 1, 1, 8.0, 2.0, 22.2, 89.0, 0.0], [9, 1, 1, 0, 16.0, 4.0, 22.2, 89.0, 0.0], [10, 1, 1, 0, 8.0, 2.0, 22.2, 89.0, 0.0]
[1, 2, 0, 1, 64, 12, 22.75, 83.5, 5.0], [2, 2, 0, 1, 8.0, 2.0, 23.5, 80.0, 1.0], [3, 2, 0, 1, 8.0, 2.0, 23.5, 80.0, 1.0], [4, 2, 0, 1, 24.0, 5.0, 23.4, 81.0, 3.0], [5, 2, 0, 1, 24.0, 5.0, 23.2, 83.0, 4.0], [6, 2, 0, 1, 16.0, 3.0, 22.9, 86.0, 3.0], [7, 2, 0, 1, 16.0, 3.0, 22.9, 86.0, 3.0], [8, 2, 1, 1, 8.0, 2.0, 22.2, 89.0, 0.0], [9, 1, 1, 0, 16.0, 4.0, 22.2, 89.0, 0.0], [10, 1, 1, 0, 8.0, 2.0, 22.2, 89.0, 0.0]
[1, 2, 0, 1, 64, 12, 22.75, 83.5, 5.0], [2, 2, 0, 1, 8.0, 2.0, 23.5, 80.0, 1.0], [3, 2, 0, 1, 8.0, 2.0, 23.5, 80.0, 1.0], [4, 2, 0, 1, 24.0, 5.0, 23.4, 81.0, 3.0], [5, 2, 0, 1, 24.0, 5.0, 23.2, 83.0, 4.0], [6, 2, 0, 1, 16.0, 3.0, 22.9, 86.0, 3.0], [7, 2, 0, 1, 16.0, 3.0, 22.9, 86.0, 3.0], [8, 2, 1, 1, 8.0, 2.0, 22.2, 89.0, 0.0], [9, 1, 1, 0, 16.0, 4.0, 22.2, 89.0, 0.0], [10, 1, 1, 0, 8.0, 2.0, 22.2, 89.0, 0.0]
[1, 2, 0, 1, 64, 12, 22.75, 83.5, 5.0], [2, 2, 0, 1, 8.0, 2.0, 23.5, 80.0, 1.0], [3, 2, 0, 1, 8.0, 2.0, 23.5, 80.0, 1.0], [4, 2, 0, 1, 24.0, 5.0, 23.4, 81.0, 3.0], [5, 2, 0, 1, 24.0, 5.0, 23.2, 83.0, 4.0], [6, 2, 0, 1, 16.0, 3.0, 22.9, 86.0, 3.0], [7, 2, 0, 1, 16.0, 3.0, 22.9, 86.0, 3.0], [8, 2, 1, 1, 8.0, 2.0, 22.2, 89.0, 0.0], [9, 1, 1, 0, 16.0, 4.0, 22.2, 89.0, 0.0], [10, 1, 1, 0, 8.0, 2.0, 22.2, 89.0, 0.0]
