 0.14006405 16.47      
 0.14928652 16.29      
 0.13939855 16.47      
 0.13939855 16.47      
 0.13939855 16.47      
 0.13939855 16.47      
 0.14928652 16.29      
 0.13939855 16.47      
 0.13939855 16.47      
 0.14006405 16.47      
 0.13939855 16.47      
 0.14006405 16.47      
 0.13939855 16.47      
 0.14928652 16.29      
 0.14596931 16.47      
 0.39815042 16.44      
 0.14596931 16.47      
 0.14596931 16.47      
 0.14596931 16.47      
 0.14080462 16.47      
 0.14596931 16.47      
 0.14596931 16.47      
 0.14596931 16.47      
 0.14596931 16.47      
 0.14596931 16.47      
 0.14596931 16.47      
 0.14596931 16.47      
 0.14596931 16.47      
 0.14596931 16.47      
 0.14596931 16.47      
 0.14596931 16.47      
 0.14596931 16.47      
 0.14596931 16.47      
 0.14596931 16.47      
 0.14596931 16.47      
 0.14596931 16.47      
 0.14596931 16.47      
 0.14596931 16.47      
 0.14596931 16.47      
 0.14596931 16.47      
 0.14596931 16.47      
 0.14596931 16.47      
 0.14596931 16.47      
 0.14596931 16.47      
 0.14596931 16.47      
 0.14596931 16.47      
 0.14596931 16.47      
 0.14596931 16.47      
 0.14596931 16.47      
 0.14596931 16.47      
