 0.13377909 16.29      
 0.13388131 16.23      
 0.13388131 16.23      
 0.13377909 16.29      
 0.13240859 16.41      
 0.13377909 16.29      
 0.13240859 16.41      
 0.13377909 16.29      
 0.13377909 16.29      
 0.13388131 16.23      
 0.13377909 16.29      
 0.13388131 16.23      
 0.13240859 16.41      
 0.13377909 16.29      
 0.13377909 16.29      
 0.13388131 16.23      
 0.13388131 16.23      
 0.13377909 16.29      
 0.13388131 16.23      
 0.13388131 16.23      
 0.13388131 16.23      
 0.13240859 16.41      
 0.13377909 16.29      
 0.13388131 16.23      
 0.13377909 16.29      
 0.13388131 16.23      
 0.13377909 16.29      
 0.16028605 16.14      
 0.13582378 16.19      
 0.13377909 16.29      
 0.13388131 16.23      
 0.13388131 16.23      
 0.13388131 16.23      
 0.13388131 16.23      
 0.13377909 16.29      
 0.13377909 16.29      
 0.13377909 16.29      
 0.13388131 16.23      
 0.13377909 16.29      
 0.13388131 16.23      
 0.13388131 16.23      
 0.13582378 16.19      
 0.13377909 16.29      
 0.13240859 16.41      
 0.13377909 16.29      
 0.13388131 16.23      
 0.13377909 16.29      
 0.13388131 16.23      
 0.13388131 16.23      
 0.13582378 16.19      
