 0.12421413 16.68      
 0.12421413 16.68      
 0.13268678 16.41      
 0.12973084 16.68      
 0.14007034 16.47      
 0.12973084 16.68      
 0.12973084 16.68      
 0.12973084 16.68      
 0.12973084 16.68      
 0.12973084 16.68      
 0.12973084 16.68      
 0.12973084 16.68      
 0.12973084 16.68      
 0.12973084 16.68      
 0.12973084 16.68      
 0.12973084 16.68      
 0.12973084 16.68      
 0.12973084 16.68      
 0.12973084 16.68      
 0.12973084 16.68      
 0.12973084 16.68      
 0.12973084 16.68      
 0.12973084 16.68      
 0.12973084 16.68      
 0.12973084 16.68      
 0.12973084 16.68      
 0.12973084 16.68      
 0.12973084 16.68      
 0.12973084 16.68      
 0.12973084 16.68      
 0.12973084 16.68      
 0.12973084 16.68      
 0.12973084 16.68      
 0.12973084 16.68      
 0.12973084 16.68      
 0.12973084 16.68      
 0.12973084 16.68      
 0.12973084 16.68      
 0.12973084 16.68      
 0.12973084 16.68      
 0.12973084 16.68      
 0.12973084 16.68      
 0.12973084 16.68      
 0.12973084 16.68      
 0.12973084 16.68      
 0.12973084 16.68      
 0.12973084 16.68      
 0.12973084 16.68      
 0.12973084 16.68      
 0.12973084 16.68      
