 0.12330773 16.4       
 0.22789536 16.25      
 0.12330773 16.4       
 0.12397323 16.4       
 0.12527755 16.36      
 0.12527755 16.36      
 0.12527755 16.36      
 0.12330773 16.4       
 0.13394229 16.27      
 0.12527755 16.36      
 0.12527755 16.36      
 0.12330773 16.4       
 0.12527755 16.36      
 0.12527755 16.36      
 0.12330773 16.4       
 0.12527755 16.36      
 0.12330773 16.4       
 0.12527755 16.36      
 0.12527755 16.36      
 0.12330773 16.4       
 0.12527755 16.36      
 0.13394229 16.27      
 0.12527755 16.36      
 0.12330773 16.4       
 0.12330773 16.4       
 0.12527755 16.36      
 0.12527755 16.36      
 0.12527755 16.36      
 0.12330773 16.4       
 0.12330773 16.4       
 0.12330773 16.4       
 0.12527755 16.36      
 0.12527755 16.36      
 0.12330773 16.4       
 0.13394229 16.27      
 0.12527755 16.36      
 0.12330773 16.4       
 0.12397323 16.4       
 0.12330773 16.4       
 0.12527755 16.36      
 0.12527755 16.36      
 0.22789536 16.25      
 0.12330773 16.4       
 0.12527755 16.36      
 0.12330773 16.4       
 0.12527755 16.36      
 0.22789536 16.25      
 0.12397323 16.4       
 0.12330773 16.4       
 0.12330773 16.4       
