 0.13562628 16.38      
 0.13562628 16.38      
 0.13562628 16.38      
 0.13562628 16.38      
 0.13562628 16.38      
 0.13562628 16.38      
 0.13562628 16.38      
 0.1366151 16.33     
 0.13562628 16.38      
 0.13562628 16.38      
 0.13562628 16.38      
 0.13562628 16.38      
 0.13562628 16.38      
 0.13562628 16.38      
 0.13562628 16.38      
 0.13562628 16.38      
 0.13562628 16.38      
 0.13562628 16.38      
 0.13562628 16.38      
 0.13562628 16.38      
 0.13562628 16.38      
 0.13562628 16.38      
 0.13562628 16.38      
 0.13562628 16.38      
 0.13562628 16.38      
 0.13562628 16.38      
 0.13562628 16.38      
 0.13562628 16.38      
 0.13562628 16.38      
 0.13562628 16.38      
 0.13562628 16.38      
 0.13562628 16.38      
 0.13562628 16.38      
 0.13562628 16.38      
 0.13562628 16.38      
 0.13562628 16.38      
 0.13562628 16.38      
 0.13562628 16.38      
 0.13562628 16.38      
 0.13562628 16.38      
 0.13562628 16.38      
 0.13562628 16.38      
 0.14235592 16.24      
 0.13562628 16.38      
 0.13562628 16.38      
 0.13562628 16.38      
 0.13562628 16.38      
 0.13562628 16.38      
 0.13562628 16.38      
 0.13562628 16.38      
