 0.13289982 16.44      
 0.13289982 16.44      
 0.13076569 16.86      
 0.13289982 16.44      
 0.13289982 16.44      
 0.13076569 16.86      
 0.1496944 16.04     
 0.13289982 16.44      
 0.13289982 16.44      
 0.13289982 16.44      
 0.13289982 16.44      
 0.13289982 16.44      
 0.13289982 16.44      
 0.13289982 16.44      
 0.13076569 16.86      
 0.13289982 16.44      
 0.13289982 16.44      
 0.13289982 16.44      
 0.13289982 16.44      
 0.13935719 16.35      
 0.13289982 16.44      
 0.13289982 16.44      
 0.13289982 16.44      
 0.13289982 16.44      
 0.13289982 16.44      
 0.13289982 16.44      
 0.13289982 16.44      
 0.13076569 16.86      
 0.13289982 16.44      
 0.13289982 16.44      
 0.13289982 16.44      
 0.13076569 16.86      
 0.13289982 16.44      
 0.13289982 16.44      
 0.13289982 16.44      
 0.13289982 16.44      
 0.13289982 16.44      
 0.13935719 16.35      
 0.13289982 16.44      
 0.13289982 16.44      
 0.13289982 16.44      
 0.13289982 16.44      
 0.13289982 16.44      
 0.13289982 16.44      
 0.13289982 16.44      
 0.13289982 16.44      
 0.13289982 16.44      
 0.13289982 16.44      
 0.13076569 16.86      
 0.13935719 16.35      
