 0.13303539 16.41      
 0.13303539 16.41      
 0.12461111 16.44      
 0.13303539 16.41      
 0.13303539 16.41      
 0.13303539 16.41      
 0.13303539 16.41      
 0.14520041 16.35      
 0.13590617 16.38      
 0.13303539 16.41      
 0.13590617 16.38      
 0.13303539 16.41      
 0.12461111 16.44      
 0.12461111 16.44      
 0.12461111 16.44      
 0.13590617 16.38      
 0.12461111 16.44      
 0.14520041 16.35      
 0.13303539 16.41      
 0.13303539 16.41      
 0.13303539 16.41      
 0.12461111 16.44      
 0.13590617 16.38      
 0.13303539 16.41      
 0.13590617 16.38      
 0.13303539 16.41      
 0.12461111 16.44      
 0.13303539 16.41      
 0.12461111 16.44      
 0.13590617 16.38      
 0.13303539 16.41      
 0.13590617 16.38      
 0.13303539 16.41      
 0.13590617 16.38      
 0.13590617 16.38      
 0.13303539 16.41      
 0.13303539 16.41      
 0.12461111 16.44      
 0.12461111 16.44      
 0.13303539 16.41      
 0.13590617 16.38      
 0.13303539 16.41      
 0.13303539 16.41      
 0.12461111 16.44      
 0.13303539 16.41      
 0.13303539 16.41      
 0.13303539 16.41      
 0.13303539 16.41      
 0.13303539 16.41      
 0.13590617 16.38      
