[1, 2, 0, 1, 56.0, 11.0, 22.71428571428571, 83.71428571428571, 4.0], [2, 2, 0, 1, 12.0, 3.0, 23.166666666666664, 81.33333333333333, 2.0], [3, 2, 0, 1, 12.0, 3.0, 23.5, 80.0, 3.0], [4, 2, 0, 1, 8.0, 2.0, 23.5, 80.0, 2.0], [5, 2, 0, 1, 40.0, 7.0, 23.259999999999998, 82.4, 6.0], [6, 1, 0, 0, 16.0, 4.0, 22.9, 86.0, 0.0], [7, 2, 0, 1, 16.0, 3.0, 22.9, 86.0, 3.0], [8, 1, 1, 0, 16.0, 4.0, 22.2, 89.0, 0], [9, 2, 1, 1, 8.0, 2.0, 22.2, 89.0, 0.0], [10, 1, 1, 0, 8.0, 2.0, 22.2, 89.0, 0]
[1, 2, 0, 1, 56.0, 11.0, 22.71428571428571, 83.71428571428571, 4.0], [2, 2, 0, 1, 12.0, 3.0, 23.166666666666664, 81.33333333333333, 2.0], [3, 2, 0, 1, 12.0, 3.0, 23.5, 80.0, 3.0], [4, 2, 0, 1, 8.0, 2.0, 23.5, 80.0, 2.0], [5, 2, 0, 1, 40.0, 7.0, 23.259999999999998, 82.4, 6.0], [6, 1, 0, 0, 16.0, 4.0, 22.9, 86.0, 0.0], [7, 2, 0, 1, 16.0, 3.0, 22.9, 86.0, 3.0], [8, 1, 1, 0, 16.0, 4.0, 22.2, 89.0, 0], [9, 2, 1, 1, 8.0, 2.0, 22.2, 89.0, 0.0], [10, 1, 1, 0, 8.0, 2.0, 22.2, 89.0, 0]
[1, 1, 0, 0, 8.0, 2.0, 22.5, 85.0, 0.0], [2, 1, 0, 0, 8.0, 2.0, 22.5, 85.0, 0.0], [3, 1, 0, 0, 8.0, 2.0, 22.5, 85.0, 0.0], [4, 1, 0, 0, 8.0, 1.0, 22.5, 85.0, 0.0], [5, 2, 0, 1, 32, 6, 23.0, 82.0, 6.0], [6, 2, 0, 1, 16.0, 3.0, 23.5, 80.0, 3.0], [7, 2, 0, 1, 12.0, 3.0, 23.5, 80.0, 3.0], [8, 2, 0, 1, 6.0, 2.0, 23.4, 81.0, 1.0], [9, 2, 0, 1, 30.0, 5.0, 23.2, 83.0, 4.0], [10, 2, 0, 1, 24.0, 5.0, 22.9, 86.0, 3.0], [11, 1, 0, 0, 8.0, 1.0, 22.9, 86.0, 0], [12, 1, 1, 0, 16.0, 4.0, 22.2, 89.0, 0], [13, 1, 1, 0, 8.0, 2.0, 22.2, 89.0, 0], [14, 2, 1, 1, 8.0, 2.0, 22.2, 89.0, 0.0]
[1, 2, 0, 1, 56.0, 11.0, 22.71428571428571, 83.71428571428571, 4.0], [2, 2, 0, 1, 12.0, 3.0, 23.166666666666664, 81.33333333333333, 2.0], [3, 2, 0, 1, 12.0, 3.0, 23.5, 80.0, 3.0], [4, 2, 0, 1, 8.0, 2.0, 23.5, 80.0, 2.0], [5, 2, 0, 1, 40.0, 7.0, 23.259999999999998, 82.4, 6.0], [6, 1, 0, 0, 16.0, 3.0, 22.9, 86.0, 0], [7, 2, 0, 1, 16.0, 3.0, 22.9, 86.0, 3.0], [8, 1, 1, 0, 16.0, 4.0, 22.2, 89.0, 0], [9, 2, 1, 1, 16.0, 4.0, 22.2, 89.0, 0.0]
[1, 1, 0, 0, 8.0, 2.0, 22.5, 85.0, 0.0], [2, 1, 0, 0, 8.0, 2.0, 22.5, 85.0, 0.0], [3, 1, 0, 0, 8.0, 2.0, 22.5, 85.0, 0.0], [4, 1, 0, 0, 8.0, 1.0, 22.5, 85.0, 0.0], [5, 2, 0, 1, 32, 6, 23.0, 82.0, 6], [6, 2, 0, 1, 16.0, 3.0, 23.5, 80.0, 3.0], [7, 2, 0, 1, 12.0, 3.0, 23.5, 80.0, 3.0], [8, 1, 0, 0, 6.0, 2.0, 23.4, 81.0, 0], [9, 2, 0, 1, 30.0, 5.0, 23.2, 83.0, 5.0], [10, 2, 0, 1, 24.0, 5.0, 22.9, 86.0, 3.0], [11, 1, 0, 0, 8.0, 1.0, 22.9, 86.0, 0], [12, 1, 1, 0, 16.0, 4.0, 22.2, 89.0, 0], [13, 1, 1, 0, 8.0, 2.0, 22.2, 89.0, 0], [14, 2, 1, 1, 8.0, 2.0, 22.2, 89.0, 0.0]
[1, 2, 0, 1, 56.0, 11.0, 22.71428571428571, 83.71428571428571, 4.0], [2, 2, 0, 1, 12.0, 3.0, 23.166666666666664, 81.33333333333333, 2.0], [3, 2, 0, 1, 12.0, 3.0, 23.5, 80.0, 3.0], [4, 2, 0, 1, 8.0, 2.0, 23.5, 80.0, 2.0], [5, 2, 0, 1, 40.0, 7.0, 23.259999999999998, 82.4, 6.0], [6, 1, 0, 0, 16.0, 3.0, 22.9, 86.0, 0], [7, 2, 0, 1, 16.0, 3.0, 22.9, 86.0, 3.0], [8, 1, 1, 0, 8.0, 2.0, 22.2, 89.0, 0], [9, 1, 1, 0, 8.0, 2.0, 22.2, 89.0, 0.0], [10, 2, 1, 1, 16.0, 4.0, 22.2, 89.0, 0.0]
[1, 2, 0, 1, 56.0, 11.0, 22.71428571428571, 83.71428571428571, 4.0], [2, 2, 0, 1, 12.0, 3.0, 23.166666666666664, 81.33333333333333, 2.0], [3, 2, 0, 1, 12.0, 3.0, 23.5, 80.0, 3.0], [4, 2, 0, 1, 8.0, 2.0, 23.5, 80.0, 2.0], [5, 2, 0, 1, 40.0, 7.0, 23.259999999999998, 82.4, 6.0], [6, 1, 0, 0, 16.0, 3.0, 22.9, 86.0, 0], [7, 2, 0, 1, 16.0, 3.0, 22.9, 86.0, 3.0], [8, 1, 1, 0, 8.0, 2.0, 22.2, 89.0, 0.0], [9, 1, 1, 0, 8.0, 2.0, 22.2, 89.0, 0.0], [10, 2, 1, 1, 16.0, 4.0, 22.2, 89.0, 0.0]
[1, 2, 0, 1, 56.0, 11.0, 22.71428571428571, 83.71428571428571, 4.0], [2, 2, 0, 1, 12.0, 3.0, 23.166666666666664, 81.33333333333333, 2.0], [3, 2, 0, 1, 12.0, 3.0, 23.5, 80.0, 3.0], [4, 2, 0, 1, 8.0, 2.0, 23.5, 80.0, 2.0], [5, 2, 0, 1, 40.0, 7.0, 23.259999999999998, 82.4, 6.0], [6, 1, 0, 0, 16.0, 3.0, 22.9, 86.0, 0], [7, 2, 0, 1, 16.0, 3.0, 22.9, 86.0, 3.0], [8, 1, 1, 0, 16.0, 4.0, 22.2, 89.0, 0], [9, 2, 1, 1, 16.0, 4.0, 22.2, 89.0, 0.0]
[1, 2, 0, 1, 56.0, 11.0, 22.71428571428571, 83.71428571428571, 4.0], [2, 2, 0, 1, 12.0, 3.0, 23.166666666666664, 81.33333333333333, 2.0], [3, 2, 0, 1, 12.0, 3.0, 23.5, 80.0, 3.0], [4, 2, 0, 1, 8.0, 2.0, 23.5, 80.0, 2.0], [5, 2, 0, 1, 40.0, 7.0, 23.259999999999998, 82.4, 6.0], [6, 1, 0, 0, 16.0, 3.0, 22.9, 86.0, 0], [7, 2, 0, 1, 16.0, 3.0, 22.9, 86.0, 3.0], [8, 1, 1, 0, 8.0, 2.0, 22.2, 89.0, 0], [9, 1, 1, 0, 8.0, 2.0, 22.2, 89.0, 0.0], [10, 2, 1, 1, 16.0, 4.0, 22.2, 89.0, 0.0]
[1, 2, 0, 1, 56.0, 11.0, 22.71428571428571, 83.71428571428571, 4.0], [2, 2, 0, 1, 12.0, 3.0, 23.166666666666664, 81.33333333333333, 2.0], [3, 2, 0, 1, 12.0, 3.0, 23.5, 80.0, 3.0], [4, 2, 0, 1, 8.0, 2.0, 23.5, 80.0, 2.0], [5, 2, 0, 1, 40.0, 7.0, 23.259999999999998, 82.4, 6.0], [6, 1, 0, 0, 16.0, 3.0, 22.9, 86.0, 0], [7, 2, 0, 1, 16.0, 3.0, 22.9, 86.0, 3.0], [8, 1, 1, 0, 16.0, 4.0, 22.2, 89.0, 0], [9, 2, 1, 1, 8.0, 2.0, 22.2, 89.0, 0.0], [10, 2, 1, 1, 8.0, 2.0, 22.2, 89.0, 0.0]
[1, 2, 0, 1, 56.0, 11.0, 22.71428571428571, 83.71428571428571, 4.0], [2, 2, 0, 1, 12.0, 3.0, 23.166666666666664, 81.33333333333333, 2.0], [3, 2, 0, 1, 12.0, 3.0, 23.5, 80.0, 3.0], [4, 2, 0, 1, 8.0, 2.0, 23.5, 80.0, 2.0], [5, 2, 0, 1, 40.0, 7.0, 23.259999999999998, 82.4, 6.0], [6, 1, 0, 0, 16.0, 3.0, 22.9, 86.0, 0], [7, 2, 0, 1, 16.0, 3.0, 22.9, 86.0, 3.0], [8, 1, 1, 0, 16.0, 4.0, 22.2, 89.0, 0], [9, 2, 1, 1, 16.0, 4.0, 22.2, 89.0, 0.0]
[1, 2, 0, 1, 56.0, 11.0, 22.71428571428571, 83.71428571428571, 4.0], [2, 2, 0, 1, 12.0, 3.0, 23.166666666666664, 81.33333333333333, 2.0], [3, 2, 0, 1, 12.0, 3.0, 23.5, 80.0, 3.0], [4, 2, 0, 1, 8.0, 2.0, 23.5, 80.0, 2.0], [5, 2, 0, 1, 40.0, 7.0, 23.259999999999998, 82.4, 6.0], [6, 1, 0, 0, 8.0, 2.0, 22.9, 86.0, 0.0], [7, 1, 0, 0, 8.0, 2.0, 22.9, 86.0, 0], [8, 2, 0, 1, 16.0, 3.0, 22.9, 86.0, 3.0], [9, 1, 1, 0, 16.0, 4.0, 22.2, 89.0, 0], [10, 2, 1, 1, 8.0, 2.0, 22.2, 89.0, 0.0], [11, 2, 1, 1, 8.0, 2.0, 22.2, 89.0, 0.0]
[1, 2, 0, 1, 56.0, 11.0, 22.71428571428571, 83.71428571428571, 4.0], [2, 2, 0, 1, 12.0, 3.0, 23.166666666666664, 81.33333333333333, 2.0], [3, 2, 0, 1, 12.0, 3.0, 23.5, 80.0, 3.0], [4, 2, 0, 1, 8.0, 2.0, 23.5, 80.0, 2.0], [5, 2, 0, 1, 40.0, 7.0, 23.259999999999998, 82.4, 6.0], [6, 1, 0, 0, 16.0, 3.0, 22.9, 86.0, 0], [7, 2, 0, 1, 16.0, 3.0, 22.9, 86.0, 3.0], [8, 1, 1, 0, 8.0, 2.0, 22.2, 89.0, 0.0], [9, 1, 1, 0, 8.0, 2.0, 22.2, 89.0, 0.0], [10, 2, 1, 1, 16.0, 4.0, 22.2, 89.0, 0.0]
[1, 2, 0, 1, 56.0, 11.0, 22.71428571428571, 83.71428571428571, 4.0], [2, 2, 0, 1, 12.0, 3.0, 23.166666666666664, 81.33333333333333, 2.0], [3, 2, 0, 1, 12.0, 3.0, 23.5, 80.0, 3.0], [4, 2, 0, 1, 8.0, 2.0, 23.5, 80.0, 2.0], [5, 2, 0, 1, 40.0, 7.0, 23.259999999999998, 82.4, 6.0], [6, 1, 0, 0, 16.0, 3.0, 22.9, 86.0, 0], [7, 2, 0, 1, 16.0, 3.0, 22.9, 86.0, 3.0], [8, 1, 1, 0, 8.0, 2.0, 22.2, 89.0, 0], [9, 1, 1, 0, 8.0, 2.0, 22.2, 89.0, 0.0], [10, 2, 1, 1, 16.0, 4.0, 22.2, 89.0, 0.0]
[1, 2, 0, 1, 56.0, 11.0, 22.71428571428571, 83.71428571428571, 4.0], [2, 2, 0, 1, 12.0, 3.0, 23.166666666666664, 81.33333333333333, 2.0], [3, 2, 0, 1, 12.0, 3.0, 23.5, 80.0, 3.0], [4, 2, 0, 1, 8.0, 2.0, 23.5, 80.0, 2.0], [5, 2, 0, 1, 40.0, 7.0, 23.259999999999998, 82.4, 6.0], [6, 1, 0, 0, 8.0, 2.0, 22.9, 86.0, 0.0], [7, 1, 0, 0, 8.0, 1.0, 22.9, 86.0, 0.0], [8, 2, 0, 1, 16.0, 3.0, 22.9, 86.0, 3.0], [9, 1, 1, 0, 8.0, 2.0, 22.2, 89.0, 0.0], [10, 1, 1, 0, 8.0, 2.0, 22.2, 89.0, 0.0], [11, 2, 1, 1, 16.0, 4.0, 22.2, 89.0, 0.0]
[1, 2, 0, 1, 56.0, 11.0, 22.71428571428571, 83.71428571428571, 4.0], [2, 2, 0, 1, 12.0, 3.0, 23.166666666666664, 81.33333333333333, 2.0], [3, 2, 0, 1, 12.0, 3.0, 23.5, 80.0, 3.0], [4, 2, 0, 1, 8.0, 2.0, 23.5, 80.0, 2.0], [5, 2, 0, 1, 40.0, 7.0, 23.259999999999998, 82.4, 6.0], [6, 1, 0, 0, 8.0, 2.0, 22.9, 86.0, 0.0], [7, 1, 0, 0, 8.0, 1.0, 22.9, 86.0, 0.0], [8, 2, 0, 1, 16.0, 3.0, 22.9, 86.0, 3.0], [9, 1, 1, 0, 16.0, 4.0, 22.2, 89.0, 0], [10, 2, 1, 1, 16.0, 4.0, 22.2, 89.0, 0.0]
[1, 2, 0, 1, 56.0, 11.0, 22.71428571428571, 83.71428571428571, 4.0], [2, 2, 0, 1, 12.0, 3.0, 23.166666666666664, 81.33333333333333, 2.0], [3, 2, 0, 1, 12.0, 3.0, 23.5, 80.0, 3.0], [4, 2, 0, 1, 8.0, 2.0, 23.5, 80.0, 2.0], [5, 2, 0, 1, 40.0, 7.0, 23.259999999999998, 82.4, 6.0], [6, 1, 0, 0, 16.0, 3.0, 22.9, 86.0, 0], [7, 2, 0, 1, 16.0, 3.0, 22.9, 86.0, 3.0], [8, 1, 1, 0, 8.0, 2.0, 22.2, 89.0, 0.0], [9, 1, 1, 0, 8.0, 2.0, 22.2, 89.0, 0.0], [10, 2, 1, 1, 16.0, 4.0, 22.2, 89.0, 0.0]
[1, 2, 0, 1, 56.0, 11.0, 22.71428571428571, 83.71428571428571, 4.0], [2, 2, 0, 1, 12.0, 3.0, 23.166666666666664, 81.33333333333333, 2.0], [3, 2, 0, 1, 12.0, 3.0, 23.5, 80.0, 3.0], [4, 2, 0, 1, 8.0, 2.0, 23.5, 80.0, 2.0], [5, 2, 0, 1, 40.0, 7.0, 23.259999999999998, 82.4, 6.0], [6, 1, 0, 0, 16.0, 3.0, 22.9, 86.0, 0], [7, 2, 0, 1, 16.0, 3.0, 22.9, 86.0, 3.0], [8, 1, 1, 0, 8.0, 2.0, 22.2, 89.0, 0.0], [9, 1, 1, 0, 8.0, 2.0, 22.2, 89.0, 0], [10, 2, 1, 1, 16.0, 4.0, 22.2, 89.0, 0.0]
[1, 2, 0, 1, 56.0, 11.0, 22.71428571428571, 83.71428571428571, 4.0], [2, 2, 0, 1, 12.0, 3.0, 23.166666666666664, 81.33333333333333, 2.0], [3, 2, 0, 1, 12.0, 3.0, 23.5, 80.0, 3.0], [4, 2, 0, 1, 8.0, 2.0, 23.5, 80.0, 2.0], [5, 2, 0, 1, 40.0, 7.0, 23.259999999999998, 82.4, 6.0], [6, 1, 0, 0, 16.0, 3.0, 22.9, 86.0, 0], [7, 2, 0, 1, 16.0, 3.0, 22.9, 86.0, 3.0], [8, 1, 1, 0, 16.0, 4.0, 22.2, 89.0, 0.0], [9, 2, 1, 1, 8.0, 2.0, 22.2, 89.0, 0.0], [10, 2, 1, 1, 8.0, 2.0, 22.2, 89.0, 0.0]
[1, 2, 0, 1, 56.0, 11.0, 22.71428571428571, 83.71428571428571, 4.0], [2, 2, 0, 1, 12.0, 3.0, 23.166666666666664, 81.33333333333333, 2.0], [3, 2, 0, 1, 12.0, 3.0, 23.5, 80.0, 3.0], [4, 2, 0, 1, 8.0, 2.0, 23.5, 80.0, 2.0], [5, 2, 0, 1, 40.0, 7.0, 23.259999999999998, 82.4, 6.0], [6, 1, 0, 0, 16.0, 3.0, 22.9, 86.0, 0], [7, 2, 0, 1, 16.0, 3.0, 22.9, 86.0, 3.0], [8, 1, 1, 0, 16.0, 4.0, 22.2, 89.0, 0], [9, 2, 1, 1, 16.0, 4.0, 22.2, 89.0, 0.0]
[1, 2, 0, 1, 56.0, 11.0, 22.71428571428571, 83.71428571428571, 4.0], [2, 2, 0, 1, 12.0, 3.0, 23.166666666666664, 81.33333333333333, 2.0], [3, 2, 0, 1, 12.0, 3.0, 23.5, 80.0, 3.0], [4, 2, 0, 1, 8.0, 2.0, 23.5, 80.0, 2.0], [5, 2, 0, 1, 40.0, 7.0, 23.259999999999998, 82.4, 6.0], [6, 1, 0, 0, 16.0, 3.0, 22.9, 86.0, 0], [7, 2, 0, 1, 16.0, 3.0, 22.9, 86.0, 3.0], [8, 1, 1, 0, 16.0, 4.0, 22.2, 89.0, 0], [9, 2, 1, 1, 8.0, 2.0, 22.2, 89.0, 0.0], [10, 2, 1, 1, 8.0, 2.0, 22.2, 89.0, 0.0]
[1, 2, 0, 1, 56.0, 11.0, 22.71428571428571, 83.71428571428571, 4.0], [2, 2, 0, 1, 12.0, 3.0, 23.166666666666664, 81.33333333333333, 2.0], [3, 2, 0, 1, 12.0, 3.0, 23.5, 80.0, 3.0], [4, 2, 0, 1, 8.0, 2.0, 23.5, 80.0, 2.0], [5, 2, 0, 1, 40.0, 7.0, 23.259999999999998, 82.4, 6.0], [6, 1, 0, 0, 16.0, 3.0, 22.9, 86.0, 0], [7, 2, 0, 1, 16.0, 3.0, 22.9, 86.0, 3.0], [8, 1, 1, 0, 8.0, 2.0, 22.2, 89.0, 0.0], [9, 1, 1, 0, 8.0, 2.0, 22.2, 89.0, 0.0], [10, 2, 1, 1, 8.0, 2.0, 22.2, 89.0, 0.0], [11, 2, 1, 1, 8.0, 2.0, 22.2, 89.0, 0.0]
[1, 2, 0, 1, 56.0, 11.0, 22.71428571428571, 83.71428571428571, 4.0], [2, 2, 0, 1, 12.0, 3.0, 23.166666666666664, 81.33333333333333, 2.0], [3, 2, 0, 1, 12.0, 3.0, 23.5, 80.0, 3.0], [4, 2, 0, 1, 8.0, 2.0, 23.5, 80.0, 2.0], [5, 2, 0, 1, 40.0, 7.0, 23.259999999999998, 82.4, 6.0], [6, 1, 0, 0, 16.0, 3.0, 22.9, 86.0, 0], [7, 2, 0, 1, 16.0, 3.0, 22.9, 86.0, 3.0], [8, 1, 1, 0, 16.0, 4.0, 22.2, 89.0, 0], [9, 2, 1, 1, 8.0, 2.0, 22.2, 89.0, 0.0], [10, 2, 1, 1, 8.0, 2.0, 22.2, 89.0, 0.0]
[1, 2, 0, 1, 56.0, 11.0, 22.71428571428571, 83.71428571428571, 4.0], [2, 2, 0, 1, 12.0, 3.0, 23.166666666666664, 81.33333333333333, 2.0], [3, 2, 0, 1, 12.0, 3.0, 23.5, 80.0, 3.0], [4, 2, 0, 1, 8.0, 2.0, 23.5, 80.0, 2.0], [5, 2, 0, 1, 40.0, 7.0, 23.259999999999998, 82.4, 6.0], [6, 1, 0, 0, 16.0, 3.0, 22.9, 86.0, 0], [7, 2, 0, 1, 16.0, 3.0, 22.9, 86.0, 3.0], [8, 1, 1, 0, 16.0, 4.0, 22.2, 89.0, 0], [9, 2, 1, 1, 16.0, 4.0, 22.2, 89.0, 0.0]
[1, 2, 0, 1, 56.0, 11.0, 22.71428571428571, 83.71428571428571, 4.0], [2, 2, 0, 1, 12.0, 3.0, 23.166666666666664, 81.33333333333333, 2.0], [3, 2, 0, 1, 12.0, 3.0, 23.5, 80.0, 3.0], [4, 2, 0, 1, 8.0, 2.0, 23.5, 80.0, 2.0], [5, 2, 0, 1, 40.0, 7.0, 23.259999999999998, 82.4, 6.0], [6, 1, 0, 0, 16.0, 3.0, 22.9, 86.0, 0], [7, 2, 0, 1, 16.0, 3.0, 22.9, 86.0, 3.0], [8, 1, 1, 0, 16.0, 4.0, 22.2, 89.0, 0], [9, 2, 1, 1, 8.0, 2.0, 22.2, 89.0, 0.0], [10, 2, 1, 1, 8.0, 2.0, 22.2, 89.0, 0.0]
[1, 2, 0, 1, 56.0, 11.0, 22.71428571428571, 83.71428571428571, 4.0], [2, 2, 0, 1, 12.0, 3.0, 23.166666666666664, 81.33333333333333, 2.0], [3, 2, 0, 1, 12.0, 3.0, 23.5, 80.0, 3.0], [4, 2, 0, 1, 8.0, 2.0, 23.5, 80.0, 2.0], [5, 2, 0, 1, 40.0, 7.0, 23.259999999999998, 82.4, 6.0], [6, 1, 0, 0, 16.0, 3.0, 22.9, 86.0, 0], [7, 2, 0, 1, 16.0, 3.0, 22.9, 86.0, 3.0], [8, 1, 1, 0, 8.0, 2.0, 22.2, 89.0, 0.0], [9, 1, 1, 0, 8.0, 2.0, 22.2, 89.0, 0.0], [10, 2, 1, 1, 16.0, 4.0, 22.2, 89.0, 0.0]
[1, 2, 0, 1, 56.0, 11.0, 22.71428571428571, 83.71428571428571, 4.0], [2, 2, 0, 1, 12.0, 3.0, 23.166666666666664, 81.33333333333333, 2.0], [3, 2, 0, 1, 12.0, 3.0, 23.5, 80.0, 3.0], [4, 2, 0, 1, 8.0, 2.0, 23.5, 80.0, 2.0], [5, 2, 0, 1, 40.0, 7.0, 23.259999999999998, 82.4, 6.0], [6, 1, 0, 0, 16.0, 3.0, 22.9, 86.0, 0], [7, 2, 0, 1, 16.0, 3.0, 22.9, 86.0, 3.0], [8, 1, 1, 0, 16.0, 4.0, 22.2, 89.0, 0], [9, 2, 1, 1, 8.0, 2.0, 22.2, 89.0, 0.0], [10, 2, 1, 1, 8.0, 2.0, 22.2, 89.0, 0.0]
[1, 2, 0, 1, 56.0, 11.0, 22.71428571428571, 83.71428571428571, 4.0], [2, 2, 0, 1, 12.0, 3.0, 23.166666666666664, 81.33333333333333, 2.0], [3, 2, 0, 1, 12.0, 3.0, 23.5, 80.0, 3.0], [4, 2, 0, 1, 8.0, 2.0, 23.5, 80.0, 2.0], [5, 2, 0, 1, 40.0, 7.0, 23.259999999999998, 82.4, 6.0], [6, 1, 0, 0, 16.0, 3.0, 22.9, 86.0, 0], [7, 2, 0, 1, 16.0, 3.0, 22.9, 86.0, 3.0], [8, 1, 1, 0, 16.0, 4.0, 22.2, 89.0, 0], [9, 2, 1, 1, 16.0, 4.0, 22.2, 89.0, 0.0]
[1, 2, 0, 1, 56.0, 11.0, 22.71428571428571, 83.71428571428571, 4.0], [2, 2, 0, 1, 12.0, 3.0, 23.166666666666664, 81.33333333333333, 2.0], [3, 2, 0, 1, 12.0, 3.0, 23.5, 80.0, 3.0], [4, 2, 0, 1, 8.0, 2.0, 23.5, 80.0, 2.0], [5, 2, 0, 1, 40.0, 7.0, 23.259999999999998, 82.4, 6.0], [6, 1, 0, 0, 16.0, 3.0, 22.9, 86.0, 0], [7, 2, 0, 1, 16.0, 3.0, 22.9, 86.0, 3.0], [8, 1, 1, 0, 16.0, 4.0, 22.2, 89.0, 0], [9, 2, 1, 1, 8.0, 2.0, 22.2, 89.0, 0.0], [10, 2, 1, 1, 8.0, 2.0, 22.2, 89.0, 0.0]
[1, 2, 0, 1, 56.0, 11.0, 22.71428571428571, 83.71428571428571, 4.0], [2, 2, 0, 1, 12.0, 3.0, 23.166666666666664, 81.33333333333333, 2.0], [3, 2, 0, 1, 12.0, 3.0, 23.5, 80.0, 3.0], [4, 2, 0, 1, 8.0, 2.0, 23.5, 80.0, 2.0], [5, 2, 0, 1, 40.0, 7.0, 23.259999999999998, 82.4, 6.0], [6, 1, 0, 0, 16.0, 3.0, 22.9, 86.0, 0], [7, 2, 0, 1, 16.0, 3.0, 22.9, 86.0, 3.0], [8, 1, 1, 0, 16.0, 4.0, 22.2, 89.0, 0], [9, 2, 1, 1, 16.0, 4.0, 22.2, 89.0, 0.0]
[1, 2, 0, 1, 56.0, 11.0, 22.71428571428571, 83.71428571428571, 4.0], [2, 2, 0, 1, 12.0, 3.0, 23.166666666666664, 81.33333333333333, 2.0], [3, 2, 0, 1, 12.0, 3.0, 23.5, 80.0, 3.0], [4, 2, 0, 1, 8.0, 2.0, 23.5, 80.0, 2.0], [5, 2, 0, 1, 40.0, 7.0, 23.259999999999998, 82.4, 6.0], [6, 1, 0, 0, 16.0, 3.0, 22.9, 86.0, 0], [7, 2, 0, 1, 16.0, 3.0, 22.9, 86.0, 3.0], [8, 1, 1, 0, 8.0, 2.0, 22.2, 89.0, 0.0], [9, 1, 1, 0, 8.0, 2.0, 22.2, 89.0, 0.0], [10, 2, 1, 1, 16.0, 4.0, 22.2, 89.0, 0.0]
[1, 2, 0, 1, 56.0, 11.0, 22.71428571428571, 83.71428571428571, 4.0], [2, 2, 0, 1, 12.0, 3.0, 23.166666666666664, 81.33333333333333, 2.0], [3, 2, 0, 1, 12.0, 3.0, 23.5, 80.0, 3.0], [4, 2, 0, 1, 8.0, 2.0, 23.5, 80.0, 2.0], [5, 2, 0, 1, 40.0, 7.0, 23.259999999999998, 82.4, 6.0], [6, 1, 0, 0, 16.0, 3.0, 22.9, 86.0, 0], [7, 2, 0, 1, 16.0, 3.0, 22.9, 86.0, 3.0], [8, 1, 1, 0, 8.0, 2.0, 22.2, 89.0, 0.0], [9, 1, 1, 0, 8.0, 2.0, 22.2, 89.0, 0.0], [10, 2, 1, 1, 16.0, 4.0, 22.2, 89.0, 0.0]
[1, 2, 0, 1, 56.0, 11.0, 22.71428571428571, 83.71428571428571, 4.0], [2, 2, 0, 1, 12.0, 3.0, 23.166666666666664, 81.33333333333333, 2.0], [3, 2, 0, 1, 12.0, 3.0, 23.5, 80.0, 3.0], [4, 2, 0, 1, 8.0, 2.0, 23.5, 80.0, 2.0], [5, 2, 0, 1, 40.0, 7.0, 23.259999999999998, 82.4, 6.0], [6, 1, 0, 0, 16.0, 3.0, 22.9, 86.0, 0], [7, 2, 0, 1, 16.0, 3.0, 22.9, 86.0, 3.0], [8, 1, 1, 0, 8.0, 2.0, 22.2, 89.0, 0.0], [9, 1, 1, 0, 8.0, 2.0, 22.2, 89.0, 0.0], [10, 2, 1, 1, 16.0, 4.0, 22.2, 89.0, 0.0]
[1, 2, 0, 1, 56.0, 11.0, 22.71428571428571, 83.71428571428571, 4.0], [2, 2, 0, 1, 12.0, 3.0, 23.166666666666664, 81.33333333333333, 2.0], [3, 2, 0, 1, 12.0, 3.0, 23.5, 80.0, 3.0], [4, 2, 0, 1, 8.0, 2.0, 23.5, 80.0, 2.0], [5, 2, 0, 1, 40.0, 7.0, 23.259999999999998, 82.4, 6.0], [6, 1, 0, 0, 16.0, 3.0, 22.9, 86.0, 0], [7, 2, 0, 1, 16.0, 3.0, 22.9, 86.0, 3.0], [8, 1, 1, 0, 16.0, 4.0, 22.2, 89.0, 0], [9, 2, 1, 1, 16.0, 4.0, 22.2, 89.0, 0.0]
[1, 2, 0, 1, 56.0, 11.0, 22.71428571428571, 83.71428571428571, 4.0], [2, 2, 0, 1, 12.0, 3.0, 23.166666666666664, 81.33333333333333, 2.0], [3, 2, 0, 1, 12.0, 3.0, 23.5, 80.0, 3.0], [4, 2, 0, 1, 8.0, 2.0, 23.5, 80.0, 2.0], [5, 2, 0, 1, 40.0, 7.0, 23.259999999999998, 82.4, 6.0], [6, 1, 0, 0, 16.0, 3.0, 22.9, 86.0, 0], [7, 2, 0, 1, 16.0, 3.0, 22.9, 86.0, 3.0], [8, 1, 1, 0, 16.0, 4.0, 22.2, 89.0, 0], [9, 2, 1, 1, 16.0, 4.0, 22.2, 89.0, 0.0]
[1, 2, 0, 1, 56.0, 11.0, 22.71428571428571, 83.71428571428571, 4.0], [2, 2, 0, 1, 12.0, 3.0, 23.166666666666664, 81.33333333333333, 2.0], [3, 2, 0, 1, 12.0, 3.0, 23.5, 80.0, 3.0], [4, 2, 0, 1, 8.0, 2.0, 23.5, 80.0, 2.0], [5, 2, 0, 1, 40.0, 7.0, 23.259999999999998, 82.4, 6.0], [6, 1, 0, 0, 8.0, 2.0, 22.9, 86.0, 0.0], [7, 1, 0, 0, 8.0, 1.0, 22.9, 86.0, 0.0], [8, 2, 0, 1, 16.0, 3.0, 22.9, 86.0, 3.0], [9, 1, 1, 0, 16.0, 4.0, 22.2, 89.0, 0], [10, 2, 1, 1, 16.0, 4.0, 22.2, 89.0, 0.0]
[1, 2, 0, 1, 56.0, 11.0, 22.71428571428571, 83.71428571428571, 4.0], [2, 2, 0, 1, 12.0, 3.0, 23.166666666666664, 81.33333333333333, 2.0], [3, 2, 0, 1, 12.0, 3.0, 23.5, 80.0, 3.0], [4, 2, 0, 1, 8.0, 2.0, 23.5, 80.0, 2.0], [5, 2, 0, 1, 40.0, 7.0, 23.259999999999998, 82.4, 6.0], [6, 1, 0, 0, 16.0, 3.0, 22.9, 86.0, 0], [7, 2, 0, 1, 16.0, 3.0, 22.9, 86.0, 3.0], [8, 1, 1, 0, 16.0, 4.0, 22.2, 89.0, 0], [9, 2, 1, 1, 16.0, 4.0, 22.2, 89.0, 0.0]
[1, 2, 0, 1, 56.0, 11.0, 22.71428571428571, 83.71428571428571, 4.0], [2, 2, 0, 1, 12.0, 3.0, 23.166666666666664, 81.33333333333333, 2.0], [3, 2, 0, 1, 12.0, 3.0, 23.5, 80.0, 3.0], [4, 2, 0, 1, 8.0, 2.0, 23.5, 80.0, 2.0], [5, 2, 0, 1, 40.0, 7.0, 23.259999999999998, 82.4, 6.0], [6, 1, 0, 0, 16.0, 3.0, 22.9, 86.0, 0], [7, 2, 0, 1, 16.0, 3.0, 22.9, 86.0, 3.0], [8, 1, 1, 0, 8.0, 2.0, 22.2, 89.0, 0.0], [9, 1, 1, 0, 8.0, 2.0, 22.2, 89.0, 0.0], [10, 2, 1, 1, 16.0, 4.0, 22.2, 89.0, 0.0]
[1, 2, 0, 1, 56.0, 11.0, 22.71428571428571, 83.71428571428571, 4.0], [2, 2, 0, 1, 12.0, 3.0, 23.166666666666664, 81.33333333333333, 2.0], [3, 2, 0, 1, 12.0, 3.0, 23.5, 80.0, 3.0], [4, 2, 0, 1, 8.0, 2.0, 23.5, 80.0, 2.0], [5, 2, 0, 1, 40.0, 7.0, 23.259999999999998, 82.4, 6.0], [6, 1, 0, 0, 16.0, 3.0, 22.9, 86.0, 0], [7, 2, 0, 1, 16.0, 3.0, 22.9, 86.0, 3.0], [8, 1, 1, 0, 16.0, 4.0, 22.2, 89.0, 0], [9, 2, 1, 1, 16.0, 4.0, 22.2, 89.0, 0.0]
[1, 2, 0, 1, 56.0, 11.0, 22.71428571428571, 83.71428571428571, 4.0], [2, 2, 0, 1, 12.0, 3.0, 23.166666666666664, 81.33333333333333, 2.0], [3, 2, 0, 1, 12.0, 3.0, 23.5, 80.0, 3.0], [4, 2, 0, 1, 8.0, 2.0, 23.5, 80.0, 2.0], [5, 2, 0, 1, 40.0, 7.0, 23.259999999999998, 82.4, 6.0], [6, 1, 0, 0, 16.0, 3.0, 22.9, 86.0, 0], [7, 2, 0, 1, 16.0, 3.0, 22.9, 86.0, 3.0], [8, 1, 1, 0, 16.0, 4.0, 22.2, 89.0, 0], [9, 2, 1, 1, 16.0, 4.0, 22.2, 89.0, 0.0]
[1, 2, 0, 1, 56.0, 11.0, 22.71428571428571, 83.71428571428571, 4.0], [2, 2, 0, 1, 12.0, 3.0, 23.166666666666664, 81.33333333333333, 2.0], [3, 2, 0, 1, 12.0, 3.0, 23.5, 80.0, 3.0], [4, 2, 0, 1, 8.0, 2.0, 23.5, 80.0, 2.0], [5, 2, 0, 1, 40.0, 7.0, 23.259999999999998, 82.4, 6.0], [6, 1, 0, 0, 16.0, 3.0, 22.9, 86.0, 0], [7, 2, 0, 1, 16.0, 3.0, 22.9, 86.0, 3.0], [8, 1, 1, 0, 16.0, 4.0, 22.2, 89.0, 0], [9, 2, 1, 1, 16.0, 4.0, 22.2, 89.0, 0.0]
[1, 2, 0, 1, 56.0, 11.0, 22.71428571428571, 83.71428571428571, 4.0], [2, 2, 0, 1, 12.0, 3.0, 23.166666666666664, 81.33333333333333, 2.0], [3, 2, 0, 1, 12.0, 3.0, 23.5, 80.0, 3.0], [4, 2, 0, 1, 8.0, 2.0, 23.5, 80.0, 2.0], [5, 2, 0, 1, 40.0, 7.0, 23.259999999999998, 82.4, 6.0], [6, 1, 0, 0, 16.0, 3.0, 22.9, 86.0, 0], [7, 2, 0, 1, 16.0, 3.0, 22.9, 86.0, 3.0], [8, 1, 1, 0, 16.0, 4.0, 22.2, 89.0, 0], [9, 2, 1, 1, 8.0, 2.0, 22.2, 89.0, 0.0], [10, 2, 1, 1, 8.0, 2.0, 22.2, 89.0, 0.0]
[1, 2, 0, 1, 56.0, 11.0, 22.71428571428571, 83.71428571428571, 4.0], [2, 2, 0, 1, 12.0, 3.0, 23.166666666666664, 81.33333333333333, 2.0], [3, 2, 0, 1, 12.0, 3.0, 23.5, 80.0, 3.0], [4, 2, 0, 1, 8.0, 2.0, 23.5, 80.0, 2.0], [5, 2, 0, 1, 40.0, 7.0, 23.259999999999998, 82.4, 6.0], [6, 1, 0, 0, 16.0, 3.0, 22.9, 86.0, 0], [7, 2, 0, 1, 16.0, 3.0, 22.9, 86.0, 3.0], [8, 1, 1, 0, 16.0, 4.0, 22.2, 89.0, 0], [9, 2, 1, 1, 16.0, 4.0, 22.2, 89.0, 0.0]
[1, 2, 0, 1, 56.0, 11.0, 22.71428571428571, 83.71428571428571, 4.0], [2, 2, 0, 1, 12.0, 3.0, 23.166666666666664, 81.33333333333333, 2.0], [3, 2, 0, 1, 12.0, 3.0, 23.5, 80.0, 3.0], [4, 2, 0, 1, 8.0, 2.0, 23.5, 80.0, 2.0], [5, 2, 0, 1, 40.0, 7.0, 23.259999999999998, 82.4, 6.0], [6, 1, 0, 0, 16.0, 3.0, 22.9, 86.0, 0], [7, 2, 0, 1, 16.0, 3.0, 22.9, 86.0, 3.0], [8, 1, 1, 0, 16.0, 4.0, 22.2, 89.0, 0], [9, 2, 1, 1, 16.0, 4.0, 22.2, 89.0, 0.0]
[1, 2, 0, 1, 56.0, 11.0, 22.71428571428571, 83.71428571428571, 4.0], [2, 2, 0, 1, 12.0, 3.0, 23.166666666666664, 81.33333333333333, 2.0], [3, 2, 0, 1, 12.0, 3.0, 23.5, 80.0, 3.0], [4, 2, 0, 1, 8.0, 2.0, 23.5, 80.0, 2.0], [5, 2, 0, 1, 40.0, 7.0, 23.259999999999998, 82.4, 6.0], [6, 1, 0, 0, 16.0, 3.0, 22.9, 86.0, 0], [7, 2, 0, 1, 16.0, 3.0, 22.9, 86.0, 3.0], [8, 1, 1, 0, 8.0, 2.0, 22.2, 89.0, 0.0], [9, 1, 1, 0, 8.0, 2.0, 22.2, 89.0, 0.0], [10, 2, 1, 1, 16.0, 4.0, 22.2, 89.0, 0.0]
[1, 2, 0, 1, 56.0, 11.0, 22.71428571428571, 83.71428571428571, 4.0], [2, 2, 0, 1, 12.0, 3.0, 23.166666666666664, 81.33333333333333, 2.0], [3, 2, 0, 1, 12.0, 3.0, 23.5, 80.0, 3.0], [4, 2, 0, 1, 8.0, 2.0, 23.5, 80.0, 2.0], [5, 2, 0, 1, 40.0, 7.0, 23.259999999999998, 82.4, 6.0], [6, 1, 0, 0, 16.0, 3.0, 22.9, 86.0, 0], [7, 2, 0, 1, 16.0, 3.0, 22.9, 86.0, 3.0], [8, 1, 1, 0, 16.0, 4.0, 22.2, 89.0, 0], [9, 2, 1, 1, 8.0, 2.0, 22.2, 89.0, 0.0], [10, 2, 1, 1, 8.0, 2.0, 22.2, 89.0, 0.0]
[1, 2, 0, 1, 56.0, 11.0, 22.71428571428571, 83.71428571428571, 4.0], [2, 2, 0, 1, 12.0, 3.0, 23.166666666666664, 81.33333333333333, 2.0], [3, 2, 0, 1, 12.0, 3.0, 23.5, 80.0, 3.0], [4, 2, 0, 1, 8.0, 2.0, 23.5, 80.0, 2.0], [5, 2, 0, 1, 40.0, 7.0, 23.259999999999998, 82.4, 6.0], [6, 1, 0, 0, 16.0, 3.0, 22.9, 86.0, 0], [7, 2, 0, 1, 16.0, 3.0, 22.9, 86.0, 3.0], [8, 1, 1, 0, 16.0, 4.0, 22.2, 89.0, 0], [9, 2, 1, 1, 8.0, 2.0, 22.2, 89.0, 0.0], [10, 2, 1, 1, 8.0, 2.0, 22.2, 89.0, 0.0]
[1, 2, 0, 1, 56.0, 11.0, 22.71428571428571, 83.71428571428571, 4.0], [2, 2, 0, 1, 12.0, 3.0, 23.166666666666664, 81.33333333333333, 2.0], [3, 2, 0, 1, 12.0, 3.0, 23.5, 80.0, 3.0], [4, 2, 0, 1, 8.0, 2.0, 23.5, 80.0, 2.0], [5, 2, 0, 1, 40.0, 7.0, 23.259999999999998, 82.4, 6.0], [6, 1, 0, 0, 16.0, 3.0, 22.9, 86.0, 0], [7, 2, 0, 1, 16.0, 3.0, 22.9, 86.0, 3.0], [8, 1, 1, 0, 8.0, 2.0, 22.2, 89.0, 0], [9, 1, 1, 0, 8.0, 2.0, 22.2, 89.0, 0.0], [10, 2, 1, 1, 16.0, 4.0, 22.2, 89.0, 0.0]
[1, 2, 0, 1, 56.0, 11.0, 22.71428571428571, 83.71428571428571, 4.0], [2, 2, 0, 1, 12.0, 3.0, 23.166666666666664, 81.33333333333333, 2.0], [3, 2, 0, 1, 12.0, 3.0, 23.5, 80.0, 3.0], [4, 2, 0, 1, 8.0, 2.0, 23.5, 80.0, 2.0], [5, 2, 0, 1, 40.0, 7.0, 23.259999999999998, 82.4, 6.0], [6, 1, 0, 0, 16.0, 3.0, 22.9, 86.0, 0], [7, 2, 0, 1, 16.0, 3.0, 22.9, 86.0, 3.0], [8, 1, 1, 0, 8.0, 2.0, 22.2, 89.0, 0.0], [9, 1, 1, 0, 8.0, 2.0, 22.2, 89.0, 0.0], [10, 2, 1, 1, 16.0, 4.0, 22.2, 89.0, 0.0]
[1, 2, 0, 1, 56.0, 11.0, 22.71428571428571, 83.71428571428571, 4.0], [2, 2, 0, 1, 12.0, 3.0, 23.166666666666664, 81.33333333333333, 2.0], [3, 2, 0, 1, 12.0, 3.0, 23.5, 80.0, 3.0], [4, 2, 0, 1, 8.0, 2.0, 23.5, 80.0, 2.0], [5, 2, 0, 1, 40.0, 7.0, 23.259999999999998, 82.4, 6.0], [6, 1, 0, 0, 16.0, 3.0, 22.9, 86.0, 0], [7, 2, 0, 1, 16.0, 3.0, 22.9, 86.0, 3.0], [8, 1, 1, 0, 16.0, 4.0, 22.2, 89.0, 0], [9, 2, 1, 1, 8.0, 2.0, 22.2, 89.0, 0.0], [10, 2, 1, 1, 8.0, 2.0, 22.2, 89.0, 0.0]
