 0.13939855 16.47      
 0.13939855 16.47      
 0.15270397 16.37      
 0.13939855 16.47      
 0.14326375 16.47      
 0.13939855 16.47      
 0.13939855 16.47      
 0.13939855 16.47      
 0.13939855 16.47      
 0.14326375 16.47      
 0.13939855 16.47      
 0.15270397 16.37      
 0.13939855 16.47      
 0.13939855 16.47      
 0.13939855 16.47      
 0.15270397 16.37      
 0.13939855 16.47      
 0.13939855 16.47      
 0.13939855 16.47      
 0.13939855 16.47      
 0.15270397 16.37      
 0.13939855 16.47      
 0.13939855 16.47      
 0.13939855 16.47      
 0.14326375 16.47      
 0.14326375 16.47      
 0.13939855 16.47      
 0.13939855 16.47      
 0.14326375 16.47      
 0.13939855 16.47      
 0.13939855 16.47      
 0.13939855 16.47      
 0.13939855 16.47      
 0.15270397 16.37      
 0.13939855 16.47      
 0.14326375 16.47      
 0.13939855 16.47      
 0.14326375 16.47      
 0.13939855 16.47      
 0.13939855 16.47      
 0.13939855 16.47      
 0.15270397 16.37      
 0.15270397 16.37      
 0.13939855 16.47      
 0.13939855 16.47      
 0.14326375 16.47      
 0.13939855 16.47      
 0.15270397 16.37      
 0.13939855 16.47      
 0.14326375 16.47      
