[1, 1, 0, 0, 8.0, 2.0, 22.5, 85.0, 0.0], [2, 1, 0, 0, 8.0, 1.0, 22.5, 85.0, 0.0], [3, 1, 0, 0, 16.0, 3.0, 22.5, 85.0, 0], [4, 2, 0, 1, 32, 6, 23.0, 82.0, 6.0], [5, 2, 0, 1, 16.0, 3.0, 23.5, 80.0, 3.0], [6, 2, 0, 1, 16.0, 3.0, 23.5, 80.0, 3.0], [7, 2, 0, 1, 20.0, 4.0, 23.2, 83.0, 4.0], [8, 2, 0, 1, 20.0, 4.0, 23.08, 84.19999999999999, 4.0], [9, 1, 0, 0, 16.0, 3.0, 22.9, 86.0, 0], [10, 1, 0, 0, 8.0, 1.0, 22.9, 86.0, 0.0], [11, 1, 1, 0, 8.0, 2.0, 22.2, 89.0, 0], [12, 2, 1, 1, 8.0, 2.0, 22.2, 89.0, 0.0], [13, 1, 1, 0, 8.0, 2.0, 22.2, 89.0, 0.0], [14, 1, 1, 0, 8.0, 2.0, 22.2, 89.0, 0.0]
[1, 1, 0, 0, 8.0, 2.0, 22.5, 85.0, 0.0], [2, 1, 0, 0, 8.0, 1.0, 22.5, 85.0, 0.0], [3, 1, 0, 0, 16.0, 3.0, 22.5, 85.0, 0.0], [4, 2, 0, 1, 32, 6, 23.0, 82.0, 6.0], [5, 2, 0, 1, 16.0, 3.0, 23.5, 80.0, 3.0], [6, 2, 0, 1, 16.0, 3.0, 23.5, 80.0, 3.0], [7, 2, 0, 1, 20.0, 4.0, 23.2, 83.0, 4.0], [8, 2, 0, 1, 20.0, 4.0, 23.08, 84.19999999999999, 4.0], [9, 1, 0, 0, 16.0, 3.0, 22.9, 86.0, 0], [10, 1, 0, 0, 8.0, 1.0, 22.9, 86.0, 0.0], [11, 1, 1, 0, 8.0, 2.0, 22.2, 89.0, 0], [12, 2, 1, 1, 8.0, 2.0, 22.2, 89.0, 0.0], [13, 1, 1, 0, 8.0, 2.0, 22.2, 89.0, 0.0], [14, 1, 1, 0, 8.0, 2.0, 22.2, 89.0, 0.0]
[1, 1, 0, 0, 32, 6, 22.5, 85.0, 0], [2, 2, 0, 1, 32, 6, 23.0, 82.0, 6.0], [3, 2, 0, 1, 16.0, 3.0, 23.5, 80.0, 3.0], [4, 2, 0, 1, 16.0, 3.0, 23.5, 80.0, 3.0], [5, 2, 0, 1, 20.0, 4.0, 23.2, 83.0, 4.0], [6, 2, 0, 1, 20.0, 4.0, 23.08, 84.19999999999999, 4.0], [7, 1, 0, 0, 8.0, 1.0, 22.9, 86.0, 0], [8, 1, 0, 0, 8.0, 2.0, 22.9, 86.0, 0.0], [9, 1, 0, 0, 8.0, 1.0, 22.9, 86.0, 0.0], [10, 2, 1, 1, 8.0, 2.0, 22.2, 89.0, 0.0], [11, 1, 1, 0, 8.0, 2.0, 22.2, 89.0, 0], [12, 1, 1, 0, 16.0, 4.0, 22.2, 89.0, 0]
[1, 1, 0, 0, 32, 6, 22.5, 85.0, 0], [2, 2, 0, 1, 32, 6, 23.0, 82.0, 6.0], [3, 2, 0, 1, 16.0, 3.0, 23.5, 80.0, 3.0], [4, 2, 0, 1, 16.0, 3.0, 23.5, 80.0, 3.0], [5, 2, 0, 1, 20.0, 4.0, 23.2, 83.0, 4.0], [6, 2, 0, 1, 20.0, 4.0, 23.08, 84.19999999999999, 4.0], [7, 1, 0, 0, 8.0, 1.0, 22.9, 86.0, 0], [8, 1, 0, 0, 8.0, 2.0, 22.9, 86.0, 0.0], [9, 1, 0, 0, 8.0, 1.0, 22.9, 86.0, 0.0], [10, 2, 1, 1, 8.0, 2.0, 22.2, 89.0, 0.0], [11, 1, 1, 0, 8.0, 2.0, 22.2, 89.0, 0], [12, 1, 1, 0, 16.0, 4.0, 22.2, 89.0, 0]
[1, 1, 0, 0, 8.0, 2.0, 22.5, 85.0, 0.0], [2, 1, 0, 0, 8.0, 1.0, 22.5, 85.0, 0.0], [3, 1, 0, 0, 16.0, 3.0, 22.5, 85.0, 0], [4, 2, 0, 1, 32, 6, 23.0, 82.0, 6.0], [5, 2, 0, 1, 16.0, 3.0, 23.5, 80.0, 3.0], [6, 2, 0, 1, 16.0, 3.0, 23.5, 80.0, 3.0], [7, 2, 0, 1, 20.0, 4.0, 23.2, 83.0, 4.0], [8, 2, 0, 1, 20.0, 4.0, 23.08, 84.19999999999999, 4.0], [9, 1, 0, 0, 16.0, 3.0, 22.9, 86.0, 0], [10, 1, 0, 0, 8.0, 1.0, 22.9, 86.0, 0.0], [11, 1, 1, 0, 8.0, 2.0, 22.2, 89.0, 0], [12, 2, 1, 1, 8.0, 2.0, 22.2, 89.0, 0.0], [13, 1, 1, 0, 8.0, 2.0, 22.2, 89.0, 0.0], [14, 1, 1, 0, 8.0, 2.0, 22.2, 89.0, 0.0]
[1, 1, 0, 0, 32, 6, 22.5, 85.0, 0], [2, 2, 0, 1, 32, 6, 23.0, 82.0, 6.0], [3, 2, 0, 1, 16.0, 3.0, 23.5, 80.0, 3.0], [4, 2, 0, 1, 16.0, 3.0, 23.5, 80.0, 3.0], [5, 2, 0, 1, 20.0, 4.0, 23.2, 83.0, 4.0], [6, 2, 0, 1, 20.0, 4.0, 23.08, 84.19999999999999, 4.0], [7, 1, 0, 0, 8.0, 1.0, 22.9, 86.0, 0], [8, 1, 0, 0, 8.0, 2.0, 22.9, 86.0, 0.0], [9, 1, 0, 0, 8.0, 1.0, 22.9, 86.0, 0.0], [10, 2, 1, 1, 8.0, 2.0, 22.2, 89.0, 0.0], [11, 1, 1, 0, 16.0, 4.0, 22.2, 89.0, 0], [12, 1, 1, 0, 8.0, 2.0, 22.2, 89.0, 0.0]
[1, 1, 0, 0, 32, 6, 22.5, 85.0, 0], [2, 2, 0, 1, 32, 6, 23.0, 82.0, 6.0], [3, 2, 0, 1, 16.0, 3.0, 23.5, 80.0, 3.0], [4, 2, 0, 1, 16.0, 3.0, 23.5, 80.0, 3.0], [5, 2, 0, 1, 20.0, 4.0, 23.2, 83.0, 4.0], [6, 2, 0, 1, 20.0, 4.0, 23.08, 84.19999999999999, 4.0], [7, 1, 0, 0, 8.0, 1.0, 22.9, 86.0, 0], [8, 1, 0, 0, 8.0, 2.0, 22.9, 86.0, 0], [9, 1, 0, 0, 8.0, 1.0, 22.9, 86.0, 0.0], [10, 2, 1, 1, 8.0, 2.0, 22.2, 89.0, 0.0], [11, 1, 1, 0, 8.0, 2.0, 22.2, 89.0, 0], [12, 1, 1, 0, 8.0, 2.0, 22.2, 89.0, 0], [13, 1, 1, 0, 8.0, 2.0, 22.2, 89.0, 0.0]
[1, 1, 0, 0, 32, 6, 22.5, 85.0, 0], [2, 2, 0, 1, 32, 6, 23.0, 82.0, 6.0], [3, 2, 0, 1, 16.0, 3.0, 23.5, 80.0, 3.0], [4, 2, 0, 1, 16.0, 3.0, 23.5, 80.0, 3.0], [5, 2, 0, 1, 20.0, 4.0, 23.2, 83.0, 4.0], [6, 2, 0, 1, 20.0, 4.0, 23.08, 84.19999999999999, 4.0], [7, 1, 0, 0, 16.0, 3.0, 22.9, 86.0, 0.0], [8, 1, 0, 0, 8.0, 1.0, 22.9, 86.0, 0.0], [9, 2, 1, 1, 8.0, 2.0, 22.2, 89.0, 0.0], [10, 1, 1, 0, 8.0, 2.0, 22.2, 89.0, 0], [11, 1, 1, 0, 8.0, 2.0, 22.2, 89.0, 0], [12, 1, 1, 0, 8.0, 2.0, 22.2, 89.0, 0.0]
[1, 1, 0, 0, 32, 6, 22.5, 85.0, 0], [2, 2, 0, 1, 32, 6, 23.0, 82.0, 6.0], [3, 2, 0, 1, 16.0, 3.0, 23.5, 80.0, 3.0], [4, 2, 0, 1, 16.0, 3.0, 23.5, 80.0, 3.0], [5, 2, 0, 1, 20.0, 4.0, 23.2, 83.0, 4.0], [6, 2, 0, 1, 20.0, 4.0, 23.08, 84.19999999999999, 4.0], [7, 1, 0, 0, 8.0, 1.0, 22.9, 86.0, 0], [8, 1, 0, 0, 8.0, 2.0, 22.9, 86.0, 0.0], [9, 1, 0, 0, 8.0, 1.0, 22.9, 86.0, 0], [10, 2, 1, 1, 8.0, 2.0, 22.2, 89.0, 0.0], [11, 1, 1, 0, 8.0, 2.0, 22.2, 89.0, 0], [12, 1, 1, 0, 16.0, 4.0, 22.2, 89.0, 0]
[1, 1, 0, 0, 32, 6, 22.5, 85.0, 0], [2, 2, 0, 1, 32, 6, 23.0, 82.0, 6.0], [3, 2, 0, 1, 16.0, 3.0, 23.5, 80.0, 3.0], [4, 2, 0, 1, 16.0, 3.0, 23.5, 80.0, 3.0], [5, 2, 0, 1, 20.0, 4.0, 23.2, 83.0, 4.0], [6, 2, 0, 1, 20.0, 4.0, 23.08, 84.19999999999999, 4.0], [7, 1, 0, 0, 8.0, 1.0, 22.9, 86.0, 0], [8, 1, 0, 0, 16.0, 3.0, 22.9, 86.0, 0.0], [9, 1, 1, 0, 8.0, 2.0, 22.2, 89.0, 0], [10, 2, 1, 1, 8.0, 2.0, 22.2, 89.0, 0.0], [11, 1, 1, 0, 16.0, 4.0, 22.2, 89.0, 0]
[1, 1, 0, 0, 32, 6, 22.5, 85.0, 0], [2, 2, 0, 1, 32, 6, 23.0, 82.0, 6.0], [3, 2, 0, 1, 16.0, 3.0, 23.5, 80.0, 3.0], [4, 2, 0, 1, 16.0, 3.0, 23.5, 80.0, 3.0], [5, 2, 0, 1, 20.0, 4.0, 23.2, 83.0, 4.0], [6, 2, 0, 1, 28.0, 5.0, 23.028571428571425, 84.71428571428571, 4.0], [7, 1, 0, 0, 16.0, 3.0, 22.9, 86.0, 0.0], [8, 1, 1, 0, 8.0, 2.0, 22.2, 89.0, 0], [9, 2, 1, 1, 8.0, 2.0, 22.2, 89.0, 0.0], [10, 1, 1, 0, 16.0, 4.0, 22.2, 89.0, 0]
[1, 1, 0, 0, 32, 6, 22.5, 85.0, 0], [2, 2, 0, 1, 32, 6, 23.0, 82.0, 6.0], [3, 2, 0, 1, 16.0, 3.0, 23.5, 80.0, 3.0], [4, 2, 0, 1, 16.0, 3.0, 23.5, 80.0, 3.0], [5, 2, 0, 1, 20.0, 4.0, 23.2, 83.0, 4.0], [6, 2, 0, 1, 20.0, 4.0, 23.08, 84.19999999999999, 4.0], [7, 1, 0, 0, 8.0, 1.0, 22.9, 86.0, 0], [8, 1, 0, 0, 16.0, 3.0, 22.9, 86.0, 0.0], [9, 1, 1, 0, 8.0, 2.0, 22.2, 89.0, 0], [10, 2, 1, 1, 8.0, 2.0, 22.2, 89.0, 0.0], [11, 1, 1, 0, 16.0, 4.0, 22.2, 89.0, 0]
[1, 1, 0, 0, 32, 6, 22.5, 85.0, 0], [2, 2, 0, 1, 32, 6, 23.0, 82.0, 6.0], [3, 2, 0, 1, 16.0, 3.0, 23.5, 80.0, 3.0], [4, 2, 0, 1, 16.0, 3.0, 23.5, 80.0, 3.0], [5, 2, 0, 1, 20.0, 4.0, 23.2, 83.0, 4.0], [6, 2, 0, 1, 20.0, 4.0, 23.08, 84.19999999999999, 4.0], [7, 1, 0, 0, 8.0, 1.0, 22.9, 86.0, 0], [8, 1, 0, 0, 16.0, 3.0, 22.9, 86.0, 0.0], [9, 1, 1, 0, 8.0, 2.0, 22.2, 89.0, 0], [10, 2, 1, 1, 8.0, 2.0, 22.2, 89.0, 0.0], [11, 1, 1, 0, 16.0, 4.0, 22.2, 89.0, 0]
[1, 1, 0, 0, 32, 6, 22.5, 85.0, 0], [2, 2, 0, 1, 32, 6, 23.0, 82.0, 6.0], [3, 2, 0, 1, 16.0, 3.0, 23.5, 80.0, 3.0], [4, 2, 0, 1, 16.0, 3.0, 23.5, 80.0, 3.0], [5, 2, 0, 1, 20.0, 4.0, 23.2, 83.0, 4.0], [6, 2, 0, 1, 20.0, 4.0, 23.08, 84.19999999999999, 4.0], [7, 1, 0, 0, 8.0, 1.0, 22.9, 86.0, 0], [8, 1, 0, 0, 16.0, 3.0, 22.9, 86.0, 0], [9, 1, 1, 0, 8.0, 2.0, 22.2, 89.0, 0], [10, 2, 1, 1, 8.0, 2.0, 22.2, 89.0, 0.0], [11, 1, 1, 0, 16.0, 4.0, 22.2, 89.0, 0]
[1, 1, 0, 0, 32, 6, 22.5, 85.0, 0], [2, 2, 0, 1, 32, 6, 23.0, 82.0, 6.0], [3, 2, 0, 1, 16.0, 3.0, 23.5, 80.0, 3.0], [4, 2, 0, 1, 16.0, 3.0, 23.5, 80.0, 3.0], [5, 2, 0, 1, 20.0, 4.0, 23.2, 83.0, 4.0], [6, 2, 0, 1, 20.0, 4.0, 23.08, 84.19999999999999, 4.0], [7, 1, 0, 0, 8.0, 1.0, 22.9, 86.0, 0], [8, 1, 0, 0, 8.0, 2.0, 22.9, 86.0, 0.0], [9, 1, 0, 0, 8.0, 1.0, 22.9, 86.0, 0.0], [10, 2, 1, 1, 8.0, 2.0, 22.2, 89.0, 0.0], [11, 1, 1, 0, 8.0, 2.0, 22.2, 89.0, 0.0], [12, 1, 1, 0, 8.0, 2.0, 22.2, 89.0, 0.0], [13, 1, 1, 0, 8.0, 2.0, 22.2, 89.0, 0.0]
[1, 1, 0, 0, 16.0, 3.0, 22.5, 85.0, 0], [2, 1, 0, 0, 8.0, 2.0, 22.5, 85.0, 0.0], [3, 1, 0, 0, 8.0, 2.0, 22.5, 85.0, 0], [4, 2, 0, 1, 32, 6, 23.0, 82.0, 6.0], [5, 2, 0, 1, 16.0, 3.0, 23.5, 80.0, 3.0], [6, 2, 0, 1, 16.0, 3.0, 23.5, 80.0, 3.0], [7, 2, 0, 1, 20.0, 4.0, 23.2, 83.0, 4.0], [8, 2, 0, 1, 20.0, 4.0, 23.08, 84.19999999999999, 4.0], [9, 1, 0, 0, 16.0, 3.0, 22.9, 86.0, 0.0], [10, 1, 0, 0, 8.0, 1.0, 22.9, 86.0, 0], [11, 1, 1, 0, 8.0, 2.0, 22.2, 89.0, 0], [12, 2, 1, 1, 8.0, 2.0, 22.2, 89.0, 0.0], [13, 1, 1, 0, 16.0, 4.0, 22.2, 89.0, 0]
[1, 1, 0, 0, 32, 6, 22.5, 85.0, 0], [2, 2, 0, 1, 32, 6, 23.0, 82.0, 6.0], [3, 2, 0, 1, 16.0, 3.0, 23.5, 80.0, 3.0], [4, 2, 0, 1, 16.0, 3.0, 23.5, 80.0, 3.0], [5, 2, 0, 1, 20.0, 4.0, 23.2, 83.0, 4.0], [6, 2, 0, 1, 20.0, 4.0, 23.08, 84.19999999999999, 4.0], [7, 1, 0, 0, 16.0, 3.0, 22.9, 86.0, 0.0], [8, 1, 0, 0, 8.0, 1.0, 22.9, 86.0, 0], [9, 2, 1, 1, 8.0, 2.0, 22.2, 89.0, 0.0], [10, 1, 1, 0, 16.0, 4.0, 22.2, 89.0, 0], [11, 1, 1, 0, 8.0, 2.0, 22.2, 89.0, 0.0]
[1, 1, 0, 0, 32, 6, 22.5, 85.0, 0], [2, 2, 0, 1, 32, 6, 23.0, 82.0, 6.0], [3, 2, 0, 1, 16.0, 3.0, 23.5, 80.0, 3.0], [4, 2, 0, 1, 16.0, 3.0, 23.5, 80.0, 3.0], [5, 2, 0, 1, 20.0, 4.0, 23.2, 83.0, 4.0], [6, 2, 0, 1, 20.0, 4.0, 23.08, 84.19999999999999, 4.0], [7, 1, 0, 0, 12.0, 2.0, 22.9, 86.0, 0.0], [8, 1, 0, 0, 12.0, 2.0, 22.9, 86.0, 0.0], [9, 1, 1, 0, 8.0, 2.0, 22.2, 89.0, 0], [10, 2, 1, 1, 8.0, 2.0, 22.2, 89.0, 0.0], [11, 1, 1, 0, 16.0, 4.0, 22.2, 89.0, 0]
[1, 1, 0, 0, 32, 6, 22.5, 85.0, 0], [2, 2, 0, 1, 32, 6, 23.0, 82.0, 6.0], [3, 2, 0, 1, 16.0, 3.0, 23.5, 80.0, 3.0], [4, 2, 0, 1, 16.0, 3.0, 23.5, 80.0, 3.0], [5, 2, 0, 1, 20.0, 4.0, 23.2, 83.0, 4.0], [6, 2, 0, 1, 20.0, 4.0, 23.08, 84.19999999999999, 4.0], [7, 1, 0, 0, 16.0, 3.0, 22.9, 86.0, 0.0], [8, 1, 0, 0, 8.0, 1.0, 22.9, 86.0, 0.0], [9, 1, 1, 0, 8.0, 2.0, 22.2, 89.0, 0], [10, 2, 1, 1, 8.0, 2.0, 22.2, 89.0, 0.0], [11, 1, 1, 0, 16.0, 4.0, 22.2, 89.0, 0.0]
[1, 1, 0, 0, 32, 6, 22.5, 85.0, 0], [2, 2, 0, 1, 32, 6, 23.0, 82.0, 6.0], [3, 2, 0, 1, 16.0, 3.0, 23.5, 80.0, 3.0], [4, 2, 0, 1, 16.0, 3.0, 23.5, 80.0, 3.0], [5, 2, 0, 1, 20.0, 4.0, 23.2, 83.0, 4.0], [6, 2, 0, 1, 20.0, 4.0, 23.08, 84.19999999999999, 4.0], [7, 1, 0, 0, 16.0, 3.0, 22.9, 86.0, 0.0], [8, 1, 0, 0, 8.0, 1.0, 22.9, 86.0, 0.0], [9, 1, 1, 0, 8.0, 2.0, 22.2, 89.0, 0], [10, 2, 1, 1, 8.0, 2.0, 22.2, 89.0, 0.0], [11, 1, 1, 0, 16.0, 4.0, 22.2, 89.0, 0.0]
[1, 1, 0, 0, 32, 6, 22.5, 85.0, 0], [2, 2, 0, 1, 32, 6, 23.0, 82.0, 6.0], [3, 2, 0, 1, 16.0, 3.0, 23.5, 80.0, 3.0], [4, 2, 0, 1, 16.0, 3.0, 23.5, 80.0, 3.0], [5, 2, 0, 1, 20.0, 4.0, 23.2, 83.0, 4.0], [6, 2, 0, 1, 20.0, 4.0, 23.08, 84.19999999999999, 4.0], [7, 1, 0, 0, 8.0, 1.0, 22.9, 86.0, 0], [8, 1, 0, 0, 8.0, 2.0, 22.9, 86.0, 0.0], [9, 1, 0, 0, 8.0, 1.0, 22.9, 86.0, 0], [10, 2, 1, 1, 8.0, 2.0, 22.2, 89.0, 0.0], [11, 1, 1, 0, 8.0, 2.0, 22.2, 89.0, 0], [12, 1, 1, 0, 8.0, 2.0, 22.2, 89.0, 0], [13, 1, 1, 0, 8.0, 2.0, 22.2, 89.0, 0.0]
[1, 1, 0, 0, 32, 6, 22.5, 85.0, 0], [2, 2, 0, 1, 32, 6, 23.0, 82.0, 6.0], [3, 2, 0, 1, 16.0, 3.0, 23.5, 80.0, 3.0], [4, 2, 0, 1, 9.0, 2.0, 23.5, 80.0, 2.0], [5, 2, 0, 1, 9.0, 2.0, 23.433333333333334, 80.66666666666666, 2.0], [6, 2, 0, 1, 18.0, 3.0, 23.2, 83.0, 3.0], [7, 2, 0, 1, 20.0, 4.0, 23.08, 84.19999999999999, 4.0], [8, 1, 0, 0, 8.0, 1.0, 22.9, 86.0, 0], [9, 1, 0, 0, 8.0, 2.0, 22.9, 86.0, 0.0], [10, 1, 0, 0, 8.0, 2.0, 22.9, 86.0, 0], [11, 2, 1, 1, 8.0, 2.0, 22.2, 89.0, 0.0], [12, 1, 1, 0, 8.0, 2.0, 22.2, 89.0, 0], [13, 1, 1, 0, 16.0, 4.0, 22.2, 89.0, 0]
[1, 1, 0, 0, 8.0, 2.0, 22.5, 85.0, 0.0], [2, 1, 0, 0, 8.0, 1.0, 22.5, 85.0, 0.0], [3, 1, 0, 0, 16.0, 3.0, 22.5, 85.0, 0.0], [4, 2, 0, 1, 32, 6, 23.0, 82.0, 6.0], [5, 2, 0, 1, 16.0, 3.0, 23.5, 80.0, 3.0], [6, 2, 0, 1, 16.0, 3.0, 23.5, 80.0, 3.0], [7, 2, 0, 1, 20.0, 4.0, 23.2, 83.0, 4.0], [8, 2, 0, 1, 20.0, 4.0, 23.08, 84.19999999999999, 4.0], [9, 1, 0, 0, 16.0, 3.0, 22.9, 86.0, 0], [10, 1, 0, 0, 8.0, 1.0, 22.9, 86.0, 0.0], [11, 1, 1, 0, 8.0, 2.0, 22.2, 89.0, 0], [12, 2, 1, 1, 8.0, 2.0, 22.2, 89.0, 0.0], [13, 1, 1, 0, 8.0, 2.0, 22.2, 89.0, 0.0], [14, 1, 1, 0, 8.0, 2.0, 22.2, 89.0, 0.0]
[1, 1, 0, 0, 32, 6, 22.5, 85.0, 0], [2, 2, 0, 1, 32, 6, 23.0, 82.0, 6.0], [3, 2, 0, 1, 16.0, 3.0, 23.5, 80.0, 3.0], [4, 2, 0, 1, 16.0, 3.0, 23.5, 80.0, 3.0], [5, 2, 0, 1, 20.0, 4.0, 23.2, 83.0, 4.0], [6, 2, 0, 1, 20.0, 4.0, 23.08, 84.19999999999999, 4.0], [7, 1, 0, 0, 8.0, 1.0, 22.9, 86.0, 0], [8, 1, 0, 0, 8.0, 2.0, 22.9, 86.0, 0.0], [9, 1, 0, 0, 8.0, 1.0, 22.9, 86.0, 0.0], [10, 2, 1, 1, 8.0, 2.0, 22.2, 89.0, 0.0], [11, 1, 1, 0, 8.0, 2.0, 22.2, 89.0, 0], [12, 1, 1, 0, 8.0, 2.0, 22.2, 89.0, 0], [13, 1, 1, 0, 8.0, 2.0, 22.2, 89.0, 0.0]
[1, 1, 0, 0, 32, 6, 22.5, 85.0, 0], [2, 2, 0, 1, 32, 6, 23.0, 82.0, 6.0], [3, 2, 0, 1, 16.0, 3.0, 23.5, 80.0, 3.0], [4, 2, 0, 1, 16.0, 3.0, 23.5, 80.0, 3.0], [5, 2, 0, 1, 20.0, 4.0, 23.2, 83.0, 4.0], [6, 2, 0, 1, 20.0, 4.0, 23.08, 84.19999999999999, 4.0], [7, 1, 0, 0, 16.0, 3.0, 22.9, 86.0, 0.0], [8, 1, 0, 0, 8.0, 1.0, 22.9, 86.0, 0.0], [9, 1, 1, 0, 8.0, 2.0, 22.2, 89.0, 0], [10, 2, 1, 1, 8.0, 2.0, 22.2, 89.0, 0.0], [11, 1, 1, 0, 16.0, 4.0, 22.2, 89.0, 0]
[1, 1, 0, 0, 16.0, 3.0, 22.5, 85.0, 0], [2, 1, 0, 0, 8.0, 2.0, 22.5, 85.0, 0.0], [3, 1, 0, 0, 8.0, 2.0, 22.5, 85.0, 0], [4, 2, 0, 1, 32, 6, 23.0, 82.0, 6.0], [5, 2, 0, 1, 16.0, 3.0, 23.5, 80.0, 3.0], [6, 2, 0, 1, 16.0, 3.0, 23.5, 80.0, 3.0], [7, 2, 0, 1, 20.0, 4.0, 23.2, 83.0, 4.0], [8, 2, 0, 1, 20.0, 4.0, 23.08, 84.19999999999999, 4.0], [9, 1, 0, 0, 16.0, 3.0, 22.9, 86.0, 0.0], [10, 1, 0, 0, 8.0, 1.0, 22.9, 86.0, 0], [11, 1, 1, 0, 8.0, 2.0, 22.2, 89.0, 0], [12, 2, 1, 1, 8.0, 2.0, 22.2, 89.0, 0.0], [13, 1, 1, 0, 16.0, 4.0, 22.2, 89.0, 0]
[1, 1, 0, 0, 32, 6, 22.5, 85.0, 0], [2, 2, 0, 1, 32, 6, 23.0, 82.0, 6.0], [3, 2, 0, 1, 16.0, 3.0, 23.5, 80.0, 3.0], [4, 2, 0, 1, 16.0, 3.0, 23.5, 80.0, 3.0], [5, 2, 0, 1, 20.0, 4.0, 23.2, 83.0, 4.0], [6, 2, 0, 1, 20.0, 4.0, 23.08, 84.19999999999999, 4.0], [7, 1, 0, 0, 8.0, 1.0, 22.9, 86.0, 0], [8, 1, 0, 0, 8.0, 2.0, 22.9, 86.0, 0.0], [9, 1, 0, 0, 8.0, 1.0, 22.9, 86.0, 0], [10, 1, 1, 0, 8.0, 2.0, 22.2, 89.0, 0], [11, 2, 1, 1, 8.0, 2.0, 22.2, 89.0, 0.0], [12, 1, 1, 0, 8.0, 2.0, 22.2, 89.0, 0.0], [13, 1, 1, 0, 8.0, 2.0, 22.2, 89.0, 0.0]
[1, 1, 0, 0, 32, 6, 22.5, 85.0, 0], [2, 2, 0, 1, 32, 6, 23.0, 82.0, 6.0], [3, 2, 0, 1, 16.0, 3.0, 23.5, 80.0, 3.0], [4, 2, 0, 1, 16.0, 3.0, 23.5, 80.0, 3.0], [5, 2, 0, 1, 20.0, 4.0, 23.2, 83.0, 4.0], [6, 2, 0, 1, 20.0, 4.0, 23.08, 84.19999999999999, 4.0], [7, 1, 0, 0, 16.0, 3.0, 22.9, 86.0, 0.0], [8, 1, 0, 0, 8.0, 1.0, 22.9, 86.0, 0], [9, 2, 1, 1, 8.0, 2.0, 22.2, 89.0, 0.0], [10, 1, 1, 0, 8.0, 2.0, 22.2, 89.0, 0], [11, 1, 1, 0, 8.0, 2.0, 22.2, 89.0, 0.0], [12, 1, 1, 0, 8.0, 2.0, 22.2, 89.0, 0.0]
[1, 1, 0, 0, 32, 6, 22.5, 85.0, 0], [2, 2, 0, 1, 32, 6, 23.0, 82.0, 6.0], [3, 2, 0, 1, 16.0, 3.0, 23.5, 80.0, 3.0], [4, 2, 0, 1, 16.0, 3.0, 23.5, 80.0, 3.0], [5, 2, 0, 1, 20.0, 4.0, 23.2, 83.0, 4.0], [6, 2, 0, 1, 20.0, 4.0, 23.08, 84.19999999999999, 4.0], [7, 1, 0, 0, 16.0, 3.0, 22.9, 86.0, 0.0], [8, 1, 0, 0, 8.0, 1.0, 22.9, 86.0, 0.0], [9, 1, 1, 0, 8.0, 2.0, 22.2, 89.0, 0], [10, 2, 1, 1, 8.0, 2.0, 22.2, 89.0, 0.0], [11, 1, 1, 0, 16.0, 4.0, 22.2, 89.0, 0.0]
[1, 1, 0, 0, 8.0, 2.0, 22.5, 85.0, 0.0], [2, 1, 0, 0, 8.0, 1.0, 22.5, 85.0, 0.0], [3, 1, 0, 0, 16.0, 3.0, 22.5, 85.0, 0.0], [4, 2, 0, 1, 32, 6, 23.0, 82.0, 6.0], [5, 2, 0, 1, 16.0, 3.0, 23.5, 80.0, 3.0], [6, 2, 0, 1, 16.0, 3.0, 23.5, 80.0, 3.0], [7, 2, 0, 1, 20.0, 4.0, 23.2, 83.0, 4.0], [8, 2, 0, 1, 20.0, 4.0, 23.08, 84.19999999999999, 4.0], [9, 1, 0, 0, 16.0, 3.0, 22.9, 86.0, 0], [10, 1, 0, 0, 8.0, 1.0, 22.9, 86.0, 0.0], [11, 1, 1, 0, 8.0, 2.0, 22.2, 89.0, 0], [12, 2, 1, 1, 8.0, 2.0, 22.2, 89.0, 0.0], [13, 1, 1, 0, 8.0, 2.0, 22.2, 89.0, 0.0], [14, 1, 1, 0, 8.0, 2.0, 22.2, 89.0, 0.0]
[1, 1, 0, 0, 32, 6, 22.5, 85.0, 0], [2, 2, 0, 1, 32, 6, 23.0, 82.0, 6.0], [3, 2, 0, 1, 16.0, 3.0, 23.5, 80.0, 3.0], [4, 2, 0, 1, 16.0, 3.0, 23.5, 80.0, 3.0], [5, 2, 0, 1, 20.0, 4.0, 23.2, 83.0, 4.0], [6, 2, 0, 1, 20.0, 4.0, 23.08, 84.19999999999999, 4.0], [7, 1, 0, 0, 8.0, 1.0, 22.9, 86.0, 0], [8, 1, 0, 0, 8.0, 2.0, 22.9, 86.0, 0.0], [9, 1, 0, 0, 8.0, 1.0, 22.9, 86.0, 0], [10, 2, 1, 1, 8.0, 2.0, 22.2, 89.0, 0.0], [11, 1, 1, 0, 8.0, 2.0, 22.2, 89.0, 0], [12, 1, 1, 0, 16.0, 4.0, 22.2, 89.0, 0]
[1, 1, 0, 0, 32, 6, 22.5, 85.0, 0], [2, 2, 0, 1, 32, 6, 23.0, 82.0, 6.0], [3, 2, 0, 1, 16.0, 3.0, 23.5, 80.0, 3.0], [4, 2, 0, 1, 16.0, 3.0, 23.5, 80.0, 3.0], [5, 2, 0, 1, 20.0, 4.0, 23.2, 83.0, 4.0], [6, 2, 0, 1, 20.0, 4.0, 23.08, 84.19999999999999, 4.0], [7, 1, 0, 0, 8.0, 1.0, 22.9, 86.0, 0], [8, 1, 0, 0, 8.0, 2.0, 22.9, 86.0, 0.0], [9, 1, 0, 0, 8.0, 1.0, 22.9, 86.0, 0.0], [10, 2, 1, 1, 8.0, 2.0, 22.2, 89.0, 0.0], [11, 1, 1, 0, 8.0, 2.0, 22.2, 89.0, 0], [12, 1, 1, 0, 8.0, 2.0, 22.2, 89.0, 0], [13, 1, 1, 0, 8.0, 2.0, 22.2, 89.0, 0.0]
[1, 1, 0, 0, 32, 6, 22.5, 85.0, 0], [2, 2, 0, 1, 32, 6, 23.0, 82.0, 6.0], [3, 2, 0, 1, 16.0, 3.0, 23.5, 80.0, 3.0], [4, 2, 0, 1, 16.0, 3.0, 23.5, 80.0, 3.0], [5, 2, 0, 1, 20.0, 4.0, 23.2, 83.0, 4.0], [6, 2, 0, 1, 20.0, 4.0, 23.08, 84.19999999999999, 4.0], [7, 1, 0, 0, 16.0, 3.0, 22.9, 86.0, 0.0], [8, 1, 0, 0, 8.0, 1.0, 22.9, 86.0, 0.0], [9, 1, 1, 0, 8.0, 2.0, 22.2, 89.0, 0], [10, 2, 1, 1, 8.0, 2.0, 22.2, 89.0, 0.0], [11, 1, 1, 0, 16.0, 4.0, 22.2, 89.0, 0]
[1, 1, 0, 0, 32, 6, 22.5, 85.0, 0], [2, 2, 0, 1, 32, 6, 23.0, 82.0, 6.0], [3, 2, 0, 1, 16.0, 3.0, 23.5, 80.0, 3.0], [4, 2, 0, 1, 16.0, 3.0, 23.5, 80.0, 3.0], [5, 2, 0, 1, 20.0, 4.0, 23.2, 83.0, 4.0], [6, 2, 0, 1, 20.0, 4.0, 23.08, 84.19999999999999, 4.0], [7, 1, 0, 0, 8.0, 1.0, 22.9, 86.0, 0], [8, 1, 0, 0, 8.0, 2.0, 22.9, 86.0, 0.0], [9, 1, 0, 0, 8.0, 1.0, 22.9, 86.0, 0.0], [10, 2, 1, 1, 8.0, 2.0, 22.2, 89.0, 0.0], [11, 1, 1, 0, 8.0, 2.0, 22.2, 89.0, 0], [12, 1, 1, 0, 16.0, 4.0, 22.2, 89.0, 0]
[1, 1, 0, 0, 32, 6, 22.5, 85.0, 0], [2, 2, 0, 1, 32, 6, 23.0, 82.0, 6.0], [3, 2, 0, 1, 16.0, 3.0, 23.5, 80.0, 3.0], [4, 2, 0, 1, 16.0, 3.0, 23.5, 80.0, 3.0], [5, 2, 0, 1, 20.0, 4.0, 23.2, 83.0, 4.0], [6, 2, 0, 1, 20.0, 4.0, 23.08, 84.19999999999999, 4.0], [7, 1, 0, 0, 8.0, 1.0, 22.9, 86.0, 0], [8, 1, 0, 0, 8.0, 2.0, 22.9, 86.0, 0.0], [9, 1, 0, 0, 8.0, 1.0, 22.9, 86.0, 0.0], [10, 1, 1, 0, 8.0, 2.0, 22.2, 89.0, 0], [11, 2, 1, 1, 8.0, 2.0, 22.2, 89.0, 0.0], [12, 1, 1, 0, 8.0, 2.0, 22.2, 89.0, 0.0], [13, 1, 1, 0, 8.0, 2.0, 22.2, 89.0, 0.0]
[1, 1, 0, 0, 32, 6, 22.5, 85.0, 0], [2, 2, 0, 1, 32, 6, 23.0, 82.0, 6.0], [3, 2, 0, 1, 16.0, 3.0, 23.5, 80.0, 3.0], [4, 2, 0, 1, 16.0, 3.0, 23.5, 80.0, 3.0], [5, 2, 0, 1, 20.0, 4.0, 23.2, 83.0, 4.0], [6, 2, 0, 1, 20.0, 4.0, 23.08, 84.19999999999999, 4.0], [7, 1, 0, 0, 16.0, 3.0, 22.9, 86.0, 0.0], [8, 1, 0, 0, 8.0, 1.0, 22.9, 86.0, 0.0], [9, 1, 1, 0, 8.0, 2.0, 22.2, 89.0, 0], [10, 2, 1, 1, 8.0, 2.0, 22.2, 89.0, 0.0], [11, 1, 1, 0, 8.0, 2.0, 22.2, 89.0, 0.0], [12, 1, 1, 0, 8.0, 2.0, 22.2, 89.0, 0.0]
[1, 1, 0, 0, 32, 6, 22.5, 85.0, 0], [2, 2, 0, 1, 32, 6, 23.0, 82.0, 6.0], [3, 2, 0, 1, 16.0, 3.0, 23.5, 80.0, 3.0], [4, 2, 0, 1, 16.0, 3.0, 23.5, 80.0, 3.0], [5, 2, 0, 1, 20.0, 4.0, 23.2, 83.0, 4.0], [6, 2, 0, 1, 20.0, 4.0, 23.08, 84.19999999999999, 4.0], [7, 1, 0, 0, 8.0, 1.0, 22.9, 86.0, 0], [8, 1, 0, 0, 16.0, 3.0, 22.9, 86.0, 0.0], [9, 1, 1, 0, 8.0, 2.0, 22.2, 89.0, 0], [10, 2, 1, 1, 8.0, 2.0, 22.2, 89.0, 0.0], [11, 1, 1, 0, 16.0, 4.0, 22.2, 89.0, 0]
[1, 1, 0, 0, 32, 6, 22.5, 85.0, 0], [2, 2, 0, 1, 32, 6, 23.0, 82.0, 6.0], [3, 2, 0, 1, 16.0, 3.0, 23.5, 80.0, 3.0], [4, 2, 0, 1, 9.0, 2.0, 23.5, 80.0, 2.0], [5, 2, 0, 1, 9.0, 2.0, 23.433333333333334, 80.66666666666666, 2.0], [6, 2, 0, 1, 18.0, 3.0, 23.2, 83.0, 3.0], [7, 2, 0, 1, 20.0, 4.0, 23.08, 84.19999999999999, 4.0], [8, 1, 0, 0, 8.0, 1.0, 22.9, 86.0, 0], [9, 1, 0, 0, 8.0, 2.0, 22.9, 86.0, 0.0], [10, 1, 0, 0, 8.0, 1.0, 22.9, 86.0, 0.0], [11, 2, 1, 1, 8.0, 2.0, 22.2, 89.0, 0.0], [12, 1, 1, 0, 8.0, 2.0, 22.2, 89.0, 0], [13, 1, 1, 0, 16.0, 4.0, 22.2, 89.0, 0]
[1, 1, 0, 0, 32, 6, 22.5, 85.0, 0], [2, 2, 0, 1, 32, 6, 23.0, 82.0, 6.0], [3, 2, 0, 1, 16.0, 3.0, 23.5, 80.0, 3.0], [4, 2, 0, 1, 16.0, 3.0, 23.5, 80.0, 3.0], [5, 2, 0, 1, 20.0, 4.0, 23.2, 83.0, 4.0], [6, 2, 0, 1, 20.0, 4.0, 23.08, 84.19999999999999, 4.0], [7, 1, 0, 0, 8.0, 1.0, 22.9, 86.0, 0], [8, 1, 0, 0, 16.0, 3.0, 22.9, 86.0, 0.0], [9, 1, 1, 0, 8.0, 2.0, 22.2, 89.0, 0], [10, 2, 1, 1, 8.0, 2.0, 22.2, 89.0, 0.0], [11, 1, 1, 0, 16.0, 4.0, 22.2, 89.0, 0]
[1, 1, 0, 0, 32, 6, 22.5, 85.0, 0], [2, 2, 0, 1, 32, 6, 23.0, 82.0, 6.0], [3, 2, 0, 1, 16.0, 3.0, 23.5, 80.0, 3.0], [4, 2, 0, 1, 16.0, 3.0, 23.5, 80.0, 3.0], [5, 2, 0, 1, 20.0, 4.0, 23.2, 83.0, 4.0], [6, 2, 0, 1, 20.0, 4.0, 23.08, 84.19999999999999, 4.0], [7, 1, 0, 0, 24.0, 4.0, 22.9, 86.0, 0.0], [8, 1, 1, 0, 8.0, 2.0, 22.2, 89.0, 0], [9, 2, 1, 1, 8.0, 2.0, 22.2, 89.0, 0.0], [10, 1, 1, 0, 16.0, 4.0, 22.2, 89.0, 0]
[1, 1, 0, 0, 32, 6, 22.5, 85.0, 0], [2, 2, 0, 1, 32, 6, 23.0, 82.0, 6.0], [3, 2, 0, 1, 16.0, 3.0, 23.5, 80.0, 3.0], [4, 2, 0, 1, 16.0, 3.0, 23.5, 80.0, 3.0], [5, 2, 0, 1, 20.0, 4.0, 23.2, 83.0, 4.0], [6, 2, 0, 1, 20.0, 4.0, 23.08, 84.19999999999999, 4.0], [7, 1, 0, 0, 24.0, 4.0, 22.9, 86.0, 0.0], [8, 1, 1, 0, 8.0, 2.0, 22.2, 89.0, 0], [9, 2, 1, 1, 8.0, 2.0, 22.2, 89.0, 0.0], [10, 1, 1, 0, 16.0, 4.0, 22.2, 89.0, 0]
[1, 1, 0, 0, 16.0, 3.0, 22.5, 85.0, 0], [2, 1, 0, 0, 8.0, 2.0, 22.5, 85.0, 0.0], [3, 1, 0, 0, 8.0, 2.0, 22.5, 85.0, 0.0], [4, 2, 0, 1, 32, 6, 23.0, 82.0, 6.0], [5, 2, 0, 1, 16.0, 3.0, 23.5, 80.0, 3.0], [6, 2, 0, 1, 16.0, 3.0, 23.5, 80.0, 3.0], [7, 2, 0, 1, 20.0, 4.0, 23.2, 83.0, 4.0], [8, 2, 0, 1, 20.0, 4.0, 23.08, 84.19999999999999, 4.0], [9, 1, 0, 0, 16.0, 3.0, 22.9, 86.0, 0.0], [10, 1, 0, 0, 8.0, 1.0, 22.9, 86.0, 0], [11, 1, 1, 0, 8.0, 2.0, 22.2, 89.0, 0], [12, 2, 1, 1, 8.0, 2.0, 22.2, 89.0, 0.0], [13, 1, 1, 0, 16.0, 4.0, 22.2, 89.0, 0]
[1, 1, 0, 0, 32, 6, 22.5, 85.0, 0], [2, 2, 0, 1, 32, 6, 23.0, 82.0, 6.0], [3, 2, 0, 1, 16.0, 3.0, 23.5, 80.0, 3.0], [4, 2, 0, 1, 16.0, 3.0, 23.5, 80.0, 3.0], [5, 2, 0, 1, 20.0, 4.0, 23.2, 83.0, 4.0], [6, 2, 0, 1, 28.0, 5.0, 23.028571428571425, 84.71428571428571, 4.0], [7, 1, 0, 0, 16.0, 3.0, 22.9, 86.0, 0.0], [8, 1, 1, 0, 8.0, 2.0, 22.2, 89.0, 0], [9, 2, 1, 1, 8.0, 2.0, 22.2, 89.0, 0.0], [10, 1, 1, 0, 16.0, 4.0, 22.2, 89.0, 0]
[1, 1, 0, 0, 32, 6, 22.5, 85.0, 0], [2, 2, 0, 1, 32, 6, 23.0, 82.0, 6.0], [3, 2, 0, 1, 16.0, 3.0, 23.5, 80.0, 3.0], [4, 2, 0, 1, 16.0, 3.0, 23.5, 80.0, 3.0], [5, 2, 0, 1, 20.0, 4.0, 23.2, 83.0, 4.0], [6, 2, 0, 1, 20.0, 4.0, 23.08, 84.19999999999999, 4.0], [7, 1, 0, 0, 8.0, 1.0, 22.9, 86.0, 0], [8, 1, 0, 0, 8.0, 2.0, 22.9, 86.0, 0.0], [9, 1, 0, 0, 8.0, 1.0, 22.9, 86.0, 0.0], [10, 2, 1, 1, 8.0, 2.0, 22.2, 89.0, 0.0], [11, 1, 1, 0, 8.0, 2.0, 22.2, 89.0, 0], [12, 1, 1, 0, 8.0, 2.0, 22.2, 89.0, 0], [13, 1, 1, 0, 8.0, 2.0, 22.2, 89.0, 0.0]
[1, 1, 0, 0, 32, 6, 22.5, 85.0, 0], [2, 2, 0, 1, 32, 6, 23.0, 82.0, 6.0], [3, 2, 0, 1, 16.0, 3.0, 23.5, 80.0, 3.0], [4, 2, 0, 1, 16.0, 3.0, 23.5, 80.0, 3.0], [5, 2, 0, 1, 20.0, 4.0, 23.2, 83.0, 4.0], [6, 2, 0, 1, 20.0, 4.0, 23.08, 84.19999999999999, 4.0], [7, 1, 0, 0, 8.0, 1.0, 22.9, 86.0, 0], [8, 1, 0, 0, 16.0, 3.0, 22.9, 86.0, 0.0], [9, 1, 1, 0, 8.0, 2.0, 22.2, 89.0, 0], [10, 2, 1, 1, 8.0, 2.0, 22.2, 89.0, 0.0], [11, 1, 1, 0, 16.0, 4.0, 22.2, 89.0, 0]
[1, 1, 0, 0, 32, 6, 22.5, 85.0, 0], [2, 2, 0, 1, 32, 6, 23.0, 82.0, 6.0], [3, 2, 0, 1, 16.0, 3.0, 23.5, 80.0, 3.0], [4, 2, 0, 1, 16.0, 3.0, 23.5, 80.0, 3.0], [5, 2, 0, 1, 20.0, 4.0, 23.2, 83.0, 4.0], [6, 2, 0, 1, 20.0, 4.0, 23.08, 84.19999999999999, 4.0], [7, 1, 0, 0, 8.0, 1.0, 22.9, 86.0, 0], [8, 1, 0, 0, 16.0, 3.0, 22.9, 86.0, 0], [9, 2, 1, 1, 8.0, 2.0, 22.2, 89.0, 0.0], [10, 1, 1, 0, 8.0, 2.0, 22.2, 89.0, 0], [11, 1, 1, 0, 16.0, 4.0, 22.2, 89.0, 0]
[1, 1, 0, 0, 32, 6, 22.5, 85.0, 0], [2, 2, 0, 1, 32, 6, 23.0, 82.0, 6.0], [3, 2, 0, 1, 16.0, 3.0, 23.5, 80.0, 3.0], [4, 2, 0, 1, 16.0, 3.0, 23.5, 80.0, 3.0], [5, 2, 0, 1, 20.0, 4.0, 23.2, 83.0, 4.0], [6, 2, 0, 1, 20.0, 4.0, 23.08, 84.19999999999999, 4.0], [7, 1, 0, 0, 8.0, 1.0, 22.9, 86.0, 0], [8, 1, 0, 0, 8.0, 2.0, 22.9, 86.0, 0.0], [9, 1, 0, 0, 8.0, 1.0, 22.9, 86.0, 0.0], [10, 2, 1, 1, 8.0, 2.0, 22.2, 89.0, 0.0], [11, 1, 1, 0, 8.0, 2.0, 22.2, 89.0, 0], [12, 1, 1, 0, 16.0, 4.0, 22.2, 89.0, 0]
[1, 1, 0, 0, 32, 6, 22.5, 85.0, 0], [2, 2, 0, 1, 32, 6, 23.0, 82.0, 6.0], [3, 2, 0, 1, 16.0, 3.0, 23.5, 80.0, 3.0], [4, 2, 0, 1, 16.0, 3.0, 23.5, 80.0, 3.0], [5, 2, 0, 1, 20.0, 4.0, 23.2, 83.0, 4.0], [6, 2, 0, 1, 20.0, 4.0, 23.08, 84.19999999999999, 4.0], [7, 1, 0, 0, 16.0, 3.0, 22.9, 86.0, 0.0], [8, 1, 0, 0, 8.0, 1.0, 22.9, 86.0, 0], [9, 2, 1, 1, 8.0, 2.0, 22.2, 89.0, 0.0], [10, 1, 1, 0, 16.0, 4.0, 22.2, 89.0, 0.0], [11, 1, 1, 0, 8.0, 2.0, 22.2, 89.0, 0.0]
[1, 1, 0, 0, 32, 6, 22.5, 85.0, 0], [2, 2, 0, 1, 32, 6, 23.0, 82.0, 6.0], [3, 2, 0, 1, 16.0, 3.0, 23.5, 80.0, 3.0], [4, 2, 0, 1, 16.0, 3.0, 23.5, 80.0, 3.0], [5, 2, 0, 1, 20.0, 4.0, 23.2, 83.0, 4.0], [6, 2, 0, 1, 20.0, 4.0, 23.08, 84.19999999999999, 4.0], [7, 1, 0, 0, 8.0, 1.0, 22.9, 86.0, 0], [8, 1, 0, 0, 16.0, 3.0, 22.9, 86.0, 0.0], [9, 1, 1, 0, 8.0, 2.0, 22.2, 89.0, 0], [10, 2, 1, 1, 8.0, 2.0, 22.2, 89.0, 0.0], [11, 1, 1, 0, 16.0, 4.0, 22.2, 89.0, 0]
[1, 1, 0, 0, 32, 6, 22.5, 85.0, 0], [2, 2, 0, 1, 32, 6, 23.0, 82.0, 6.0], [3, 2, 0, 1, 16.0, 3.0, 23.5, 80.0, 3.0], [4, 2, 0, 1, 16.0, 3.0, 23.5, 80.0, 3.0], [5, 2, 0, 1, 20.0, 4.0, 23.2, 83.0, 4.0], [6, 2, 0, 1, 20.0, 4.0, 23.08, 84.19999999999999, 4.0], [7, 1, 0, 0, 8.0, 1.0, 22.9, 86.0, 0], [8, 1, 0, 0, 8.0, 2.0, 22.9, 86.0, 0.0], [9, 1, 0, 0, 8.0, 1.0, 22.9, 86.0, 0.0], [10, 2, 1, 1, 8.0, 2.0, 22.2, 89.0, 0.0], [11, 1, 1, 0, 8.0, 2.0, 22.2, 89.0, 0], [12, 1, 1, 0, 8.0, 2.0, 22.2, 89.0, 0], [13, 1, 1, 0, 8.0, 2.0, 22.2, 89.0, 0.0]
