 0.13458912 16.41      
 0.15935812 16.2       
 0.13458912 16.41      
 0.13458912 16.41      
 0.13458912 16.41      
 0.13458912 16.41      
 0.14847754 16.38      
 0.13458912 16.41      
 0.13458912 16.41      
 0.15935812 16.2       
 0.13458912 16.41      
 0.16340956 16.14      
 0.15147612 16.23      
 0.13458912 16.41      
 0.15935812 16.2       
 0.16340956 16.14      
 0.13458912 16.41      
 0.13458912 16.41      
 0.13525462 16.41      
 0.15204206 16.32      
 0.14896903 16.38      
 0.14896903 16.38      
 0.14896903 16.38      
 0.14872141 16.38      
 0.14896903 16.38      
 0.14896903 16.38      
 0.14896903 16.38      
 0.14896903 16.38      
 0.14896903 16.38      
 0.14896903 16.38      
 0.14872141 16.38      
 0.14896903 16.38      
 0.14896903 16.38      
 0.14896903 16.38      
 0.14896903 16.38      
 0.15935812 16.26      
 0.1608089 16.23     
 0.36919753 16.17      
 0.14896903 16.38      
 0.36919753 16.17      
 0.16924509 16.2       
 0.14896903 16.38      
 0.14896903 16.38      
 0.14896903 16.38      
 0.14896903 16.38      
 0.14896903 16.38      
 0.14896903 16.38      
 0.13525462 16.41      
 0.16924509 16.2       
 0.14083656 16.41      
