 0.13581695 16.5       
 0.12873837 17.17      
 0.13581695 16.5       
 0.13581695 16.5       
 0.13581695 16.5       
 0.13581695 16.5       
 0.13581695 16.5       
 0.16967003 15.99      
 0.13581695 16.5       
 0.13581695 16.5       
 0.15164013 16.35      
 0.13581695 16.5       
 0.13581695 16.5       
 0.13581695 16.5       
 0.13581695 16.5       
 0.13581695 16.5       
 0.13581695 16.5       
 0.15871033 15.99      
 0.13581695 16.5       
 0.15871033 15.99      
 0.16967003 15.99      
 0.13581695 16.5       
 0.14139182 16.47      
 0.15871033 15.99      
 0.13581695 16.5       
 0.13581695 16.5       
 0.13581695 16.5       
 0.15871033 15.99      
 0.13581695 16.5       
 0.14139182 16.47      
 0.13581695 16.5       
 0.12873837 17.17      
 0.16967003 15.99      
 0.13581695 16.5       
 0.13581695 16.5       
 0.13581695 16.5       
 0.12873837 17.17      
 0.13581695 16.5       
 0.15871033 15.99      
 0.12873837 17.17      
 0.13581695 16.5       
 0.13581695 16.5       
 0.13581695 16.5       
 0.13581695 16.5       
 0.13581695 16.5       
 0.12873837 17.17      
 0.13581695 16.5       
 0.13581695 16.5       
 0.15164013 16.35      
 0.13601787 16.5       
