 0.58291659 16.13      
 0.13667295 17.2       
 0.58291659 16.13      
 0.58291659 16.13      
 0.16028554 16.27      
 0.14139182 16.47      
 0.58291659 16.13      
 0.14139182 16.47      
 0.15206242 16.37      
 0.14139182 16.47      
 0.14139182 16.47      
 0.14139182 16.47      
 0.16028554 16.27      
 0.14080462 16.47      
 0.58291659 16.13      
 0.14139182 16.47      
 0.58291659 16.13      
 0.58291659 16.13      
 0.58291659 16.13      
 0.58291659 16.13      
 0.58291659 16.13      
 0.16028554 16.27      
 0.14139182 16.47      
 0.15403674 16.28      
 0.14080462 16.47      
 0.15403674 16.28      
 0.13667295 17.2       
 0.14139182 16.47      
 0.13667295 17.2       
 0.14139182 16.47      
 0.14139182 16.47      
 0.13667295 17.2       
 0.58291659 16.13      
 0.14080462 16.47      
 0.58291659 16.13      
 0.14139182 16.47      
 0.58291659 16.13      
 0.13667295 17.2       
 0.15403674 16.28      
 0.13667295 17.2       
 0.14139182 16.47      
 0.14139182 16.47      
 0.14139182 16.47      
 0.13667295 17.2       
 0.58291659 16.13      
 0.15403674 16.28      
 0.13667295 17.2       
 0.13667295 17.2       
 0.13667295 17.2       
 0.58291659 16.13      
