[1, 1, 0, 0, 32.0, 7.0, 22.5, 85.0, 0.0], [2, 2, 0, 1, 50.0, 10.0, 23.18, 81.28, 10.0], [3, 2, 0, 1, 50.0, 10.0, 23.26, 82.4, 10.0], [4, 1, 0, 0, 10.0, 2.0, 22.9, 86.0, 0.0], [5, 1, 0, 0, 5.0, 1.0, 22.9, 86.0, 0], [6, 1, 0, 0, 5.0, 1.0, 22.9, 86.0, 0], [7, 1, 0, 0, 8.0, 2.0, 22.9, 86.0, 0.0], [8, 2, 1, 1, 32.0, 8.0, 22.2, 89.0, 0.0]
[1, 1, 0, 0, 32.0, 6.0, 22.5, 85.0, 0.0], [2, 2, 0, 1, 50.0, 10.0, 23.18, 81.28, 10.0], [3, 2, 0, 1, 50.0, 10.0, 23.26, 82.4, 10.0], [4, 1, 0, 0, 28.0, 6.0, 22.9, 86.0, 0], [5, 2, 1, 1, 16.0, 4.0, 22.2, 89.0, 0.0], [6, 2, 1, 1, 8.0, 2.0, 22.2, 89.0, 0.0], [7, 2, 1, 1, 8.0, 2.0, 22.2, 89.0, 0.0]
[1, 1, 0, 0, 8.0, 2.0, 22.5, 85.0, 0.0], [2, 1, 0, 0, 8.0, 1.0, 22.5, 85.0, 0.0], [3, 1, 0, 0, 16.0, 3.0, 22.5, 85.0, 0.0], [4, 2, 0, 1, 50.0, 10.0, 23.18, 81.28, 10.0], [5, 2, 0, 1, 50.0, 10.0, 23.26, 82.4, 10.0], [6, 1, 0, 0, 5.0, 1.0, 22.9, 86.0, 0.0], [7, 1, 0, 0, 5.0, 1.0, 22.9, 86.0, 0.0], [8, 1, 0, 0, 10.0, 2.0, 22.9, 86.0, 0.0], [9, 1, 0, 0, 8.0, 2.0, 22.9, 86.0, 0], [10, 2, 1, 1, 32.0, 8.0, 22.2, 89.0, 0.0]
[1, 1, 0, 0, 8.0, 2.0, 22.5, 85.0, 0.0], [2, 1, 0, 0, 24.0, 5.0, 22.5, 85.0, 0.0], [3, 2, 0, 1, 50.0, 10.0, 23.18, 81.28, 10.0], [4, 2, 0, 1, 50.0, 10.0, 23.26, 82.4, 10.0], [5, 1, 0, 0, 6.0, 1.0, 22.9, 86.0, 0.0], [6, 1, 0, 0, 22.0, 5.0, 22.9, 86.0, 0.0], [7, 2, 1, 1, 32, 8, 22.2, 89.0, 0]
[1, 1, 0, 0, 16.0, 3.0, 22.5, 85.0, 0], [2, 1, 0, 0, 16.0, 4.0, 22.5, 85.0, 0.0], [3, 2, 0, 1, 50.0, 10.0, 23.18, 81.28, 10.0], [4, 2, 0, 1, 50.0, 10.0, 23.26, 82.4, 10.0], [5, 1, 0, 0, 10.0, 2.0, 22.9, 86.0, 0], [6, 1, 0, 0, 10.0, 2.0, 22.9, 86.0, 0], [7, 1, 0, 0, 8.0, 2.0, 22.9, 86.0, 0], [8, 2, 1, 1, 32.0, 8.0, 22.2, 89.0, 0.0]
[1, 1, 0, 0, 32, 6, 22.5, 85.0, 0], [2, 2, 0, 1, 50.0, 10.0, 23.18, 81.28, 10.0], [3, 2, 0, 1, 50.0, 10.0, 23.26, 82.4, 10.0], [4, 1, 0, 0, 28.0, 6.0, 22.9, 86.0, 0], [5, 2, 1, 1, 8.0, 2.0, 22.2, 89.0, 0.0], [6, 2, 1, 1, 8.0, 2.0, 22.2, 89.0, 0.0], [7, 2, 1, 1, 16.0, 4.0, 22.2, 89.0, 0.0]
[1, 1, 0, 0, 8.0, 2.0, 22.5, 85.0, 0.0], [2, 1, 0, 0, 24.0, 4.0, 22.5, 85.0, 0.0], [3, 2, 0, 1, 50.0, 10.0, 23.18, 81.28, 10.0], [4, 2, 0, 1, 50.0, 10.0, 23.26, 82.4, 10.0], [5, 1, 0, 0, 28.0, 6.0, 22.9, 86.0, 0.0], [6, 2, 1, 1, 16.0, 4.0, 22.2, 89.0, 0.0], [7, 2, 1, 1, 16.0, 4.0, 22.2, 89.0, 0.0]
[1, 1, 0, 0, 16.0, 3.0, 22.5, 85.0, 0], [2, 1, 0, 0, 8.0, 2.0, 22.5, 85.0, 0], [3, 1, 0, 0, 8.0, 2.0, 22.5, 85.0, 0.0], [4, 2, 0, 1, 50.0, 10.0, 23.18, 81.28, 10.0], [5, 2, 0, 1, 50.0, 10.0, 23.26, 82.4, 10.0], [6, 1, 0, 0, 10.0, 2.0, 22.9, 86.0, 0.0], [7, 1, 0, 0, 10.0, 2.0, 22.9, 86.0, 0.0], [8, 1, 0, 0, 8.0, 2.0, 22.9, 86.0, 0.0], [9, 2, 1, 1, 16.0, 4.0, 22.2, 89.0, 0.0], [10, 2, 1, 1, 16.0, 4.0, 22.2, 89.0, 0.0]
[1, 1, 0, 0, 32, 6, 22.5, 85.0, 0], [2, 2, 0, 1, 50.0, 10.0, 23.18, 81.28, 10.0], [3, 2, 0, 1, 50.0, 10.0, 23.26, 82.4, 10.0], [4, 1, 0, 0, 14.0, 3.0, 22.9, 86.0, 0.0], [5, 1, 0, 0, 14.0, 3.0, 22.9, 86.0, 0], [6, 2, 1, 1, 16.0, 4.0, 22.2, 89.0, 0.0], [7, 2, 1, 1, 16.0, 4.0, 22.2, 89.0, 0.0]
[1, 1, 0, 0, 32, 6, 22.5, 85.0, 0], [2, 2, 0, 1, 50.0, 10.0, 23.18, 81.28, 10.0], [3, 2, 0, 1, 50.0, 10.0, 23.26, 82.4, 10.0], [4, 1, 0, 0, 10.0, 2.0, 22.9, 86.0, 0], [5, 1, 0, 0, 18.0, 4.0, 22.9, 86.0, 0], [6, 2, 1, 1, 16.0, 4.0, 22.2, 89.0, 0.0], [7, 2, 1, 1, 16.0, 4.0, 22.2, 89.0, 0.0]
[1, 1, 0, 0, 8.0, 2.0, 22.5, 85.0, 0.0], [2, 1, 0, 0, 8.0, 1.0, 22.5, 85.0, 0.0], [3, 1, 0, 0, 16.0, 3.0, 22.5, 85.0, 0], [4, 2, 0, 1, 50.0, 10.0, 23.18, 81.28, 10.0], [5, 2, 0, 1, 50.0, 10.0, 23.26, 82.4, 10.0], [6, 1, 0, 0, 28.0, 6.0, 22.9, 86.0, 0.0], [7, 2, 1, 1, 32.0, 8.0, 22.2, 89.0, 0.0]
[1, 1, 0, 0, 24.0, 5.0, 22.5, 85.0, 0.0], [2, 1, 0, 0, 8.0, 2.0, 22.5, 85.0, 0.0], [3, 2, 0, 1, 50.0, 10.0, 23.18, 81.28, 10.0], [4, 2, 0, 1, 50.0, 10.0, 23.26, 82.4, 10.0], [5, 1, 0, 0, 20.0, 4.0, 22.9, 86.0, 0.0], [6, 1, 0, 0, 8.0, 2.0, 22.9, 86.0, 0.0], [7, 2, 1, 1, 16.0, 4.0, 22.2, 89.0, 0.0], [8, 2, 1, 1, 16.0, 4.0, 22.2, 89.0, 0.0]
[1, 1, 0, 0, 8.0, 2.0, 22.5, 85.0, 0.0], [2, 1, 0, 0, 8.0, 1.0, 22.5, 85.0, 0.0], [3, 1, 0, 0, 16.0, 3.0, 22.5, 85.0, 0.0], [4, 2, 0, 1, 50.0, 10.0, 23.18, 81.28, 10.0], [5, 2, 0, 1, 50.0, 10.0, 23.26, 82.4, 10.0], [6, 1, 0, 0, 20.0, 4.0, 22.9, 86.0, 0.0], [7, 1, 0, 0, 8.0, 2.0, 22.9, 86.0, 0], [8, 2, 1, 1, 32, 8, 22.2, 89.0, 0]
[1, 1, 0, 0, 8.0, 2.0, 22.5, 85.0, 0.0], [2, 1, 0, 0, 8.0, 1.0, 22.5, 85.0, 0.0], [3, 1, 0, 0, 16.0, 3.0, 22.5, 85.0, 0], [4, 2, 0, 1, 50.0, 10.0, 23.18, 81.28, 10.0], [5, 2, 0, 1, 50.0, 10.0, 23.26, 82.4, 10.0], [6, 1, 0, 0, 28.0, 6.0, 22.9, 86.0, 0.0], [7, 2, 1, 1, 32.0, 8.0, 22.2, 89.0, 0.0]
[1, 1, 0, 0, 16.0, 4.0, 22.5, 85.0, 0], [2, 1, 0, 0, 8.0, 2.0, 22.5, 85.0, 0.0], [3, 1, 0, 0, 8.0, 2.0, 22.5, 85.0, 0.0], [4, 2, 0, 1, 50.0, 10.0, 23.18, 81.28, 10.0], [5, 2, 0, 1, 50.0, 10.0, 23.26, 82.4, 10.0], [6, 1, 0, 0, 5.0, 1.0, 22.9, 86.0, 0], [7, 1, 0, 0, 5.0, 1.0, 22.9, 86.0, 0.0], [8, 1, 0, 0, 5.0, 1.0, 22.9, 86.0, 0.0], [9, 1, 0, 0, 5.0, 1.0, 22.9, 86.0, 0.0], [10, 1, 0, 0, 8.0, 2.0, 22.9, 86.0, 0], [11, 2, 1, 1, 32.0, 8.0, 22.2, 89.0, 0.0]
[1, 1, 0, 0, 8.0, 2.0, 22.5, 85.0, 0.0], [2, 1, 0, 0, 8.0, 2.0, 22.5, 85.0, 0.0], [3, 1, 0, 0, 16.0, 3.0, 22.5, 85.0, 0], [4, 2, 0, 1, 50.0, 10.0, 23.18, 81.28, 10.0], [5, 2, 0, 1, 50.0, 10.0, 23.26, 82.4, 10.0], [6, 1, 0, 0, 6.0, 1.0, 22.9, 86.0, 0.0], [7, 1, 0, 0, 22.0, 5.0, 22.9, 86.0, 0.0], [8, 2, 1, 1, 32, 8, 22.2, 89.0, 0]
[1, 1, 0, 0, 8.0, 2.0, 22.5, 85.0, 0.0], [2, 1, 0, 0, 8.0, 2.0, 22.5, 85.0, 0.0], [3, 1, 0, 0, 16.0, 3.0, 22.5, 85.0, 0], [4, 2, 0, 1, 50.0, 10.0, 23.18, 81.28, 10.0], [5, 2, 0, 1, 50.0, 10.0, 23.26, 82.4, 10.0], [6, 1, 0, 0, 6.0, 1.0, 22.9, 86.0, 0.0], [7, 1, 0, 0, 6.0, 1.0, 22.9, 86.0, 0.0], [8, 1, 0, 0, 16.0, 4.0, 22.9, 86.0, 0.0], [9, 2, 1, 1, 32, 8, 22.2, 89.0, 0]
[1, 1, 0, 0, 8.0, 2.0, 22.5, 85.0, 0.0], [2, 1, 0, 0, 8.0, 1.0, 22.5, 85.0, 0.0], [3, 1, 0, 0, 16.0, 3.0, 22.5, 85.0, 0.0], [4, 2, 0, 1, 50.0, 10.0, 23.18, 81.28, 10.0], [5, 2, 0, 1, 50.0, 10.0, 23.26, 82.4, 10.0], [6, 1, 0, 0, 20.0, 4.0, 22.9, 86.0, 0.0], [7, 1, 0, 0, 8.0, 2.0, 22.9, 86.0, 0], [8, 2, 1, 1, 32, 8, 22.2, 89.0, 0]
[1, 1, 0, 0, 16.0, 3.0, 22.5, 85.0, 0], [2, 1, 0, 0, 8.0, 2.0, 22.5, 85.0, 0], [3, 1, 0, 0, 8.0, 2.0, 22.5, 85.0, 0.0], [4, 2, 0, 1, 50.0, 10.0, 23.18, 81.28, 10.0], [5, 2, 0, 1, 50.0, 10.0, 23.26, 82.4, 10.0], [6, 1, 0, 0, 10.0, 2.0, 22.9, 86.0, 0.0], [7, 1, 0, 0, 10.0, 2.0, 22.9, 86.0, 0.0], [8, 1, 0, 0, 8.0, 2.0, 22.9, 86.0, 0.0], [9, 2, 1, 1, 16.0, 4.0, 22.2, 89.0, 0.0], [10, 2, 1, 1, 16.0, 4.0, 22.2, 89.0, 0.0]
[1, 1, 0, 0, 32.0, 6.0, 22.5, 85.0, 0.0], [2, 2, 0, 1, 50.0, 10.0, 23.18, 81.28, 10.0], [3, 2, 0, 1, 50.0, 10.0, 23.26, 82.4, 10.0], [4, 1, 0, 0, 6.0, 1.0, 22.9, 86.0, 0.0], [5, 1, 0, 0, 11.0, 3.0, 22.9, 86.0, 0.0], [6, 1, 0, 0, 5.5, 2.0, 22.9, 86.0, 0.0], [7, 1, 0, 0, 5.5, 2.0, 22.9, 86.0, 0.0], [8, 2, 1, 1, 32, 8, 22.2, 89.0, 0]
[1, 1, 0, 0, 32.0, 6.0, 22.5, 85.0, 0.0], [2, 2, 0, 1, 50.0, 10.0, 23.18, 81.28, 10.0], [3, 2, 0, 1, 50.0, 10.0, 23.26, 82.4, 10.0], [4, 1, 0, 0, 6.0, 1.0, 22.9, 86.0, 0.0], [5, 1, 0, 0, 6.0, 1.0, 22.9, 86.0, 0], [6, 1, 0, 0, 8.0, 2.0, 22.9, 86.0, 0.0], [7, 1, 0, 0, 8.0, 2.0, 22.9, 86.0, 0.0], [8, 2, 1, 1, 32, 8, 22.2, 89.0, 0]
[1, 1, 0, 0, 16.0, 3.0, 22.5, 85.0, 0], [2, 1, 0, 0, 8.0, 2.0, 22.5, 85.0, 0.0], [3, 1, 0, 0, 8.0, 1.0, 22.5, 85.0, 0.0], [4, 2, 0, 1, 32.0, 6.0, 23.0, 82.0, 6.0], [5, 2, 0, 1, 16.0, 3.0, 23.5, 80.0, 3.0], [6, 2, 0, 1, 28.0, 6.0, 23.371428571428567, 81.28571428571428, 6.0], [7, 2, 0, 1, 18.0, 5.0, 23.2, 83.0, 4.0], [8, 2, 0, 1, 6.0, 1.0, 23.0, 85.0, 1.0], [9, 1, 0, 0, 12.0, 2.0, 22.9, 86.0, 0], [10, 1, 0, 0, 16.0, 4.0, 22.9, 86.0, 0.0], [11, 1, 1, 0, 16.0, 4.0, 22.2, 89.0, 0], [12, 2, 1, 1, 16.0, 4.0, 22.2, 89.0, 0.0]
[1, 1, 0, 0, 16.0, 3.0, 22.5, 85.0, 0], [2, 1, 0, 0, 16.0, 4.0, 22.5, 85.0, 0.0], [3, 2, 0, 1, 50.0, 10.0, 23.18, 81.28, 10.0], [4, 2, 0, 1, 50.0, 10.0, 23.26, 82.4, 10.0], [5, 1, 0, 0, 10.0, 2.0, 22.9, 86.0, 0.0], [6, 1, 0, 0, 10.0, 2.0, 22.9, 86.0, 0], [7, 1, 0, 0, 8.0, 2.0, 22.9, 86.0, 0.0], [8, 2, 1, 1, 16.0, 4.0, 22.2, 89.0, 0.0], [9, 2, 1, 1, 16.0, 4.0, 22.2, 89.0, 0.0]
[1, 1, 0, 0, 32.0, 6.0, 22.5, 85.0, 0.0], [2, 2, 0, 1, 32.0, 6.0, 23.0, 82.0, 6.0], [3, 2, 0, 1, 16.0, 3.0, 23.5, 80.0, 3.0], [4, 2, 0, 1, 28.0, 6.0, 23.371428571428567, 81.28571428571428, 6.0], [5, 2, 0, 1, 18.0, 5.0, 23.2, 83.0, 4.0], [6, 2, 0, 1, 6.0, 1.0, 23.0, 85.0, 1.0], [7, 1, 0, 0, 12.0, 2.0, 22.9, 86.0, 0], [8, 1, 0, 0, 16.0, 4.0, 22.9, 86.0, 0.0], [9, 1, 1, 0, 16.0, 4.0, 22.2, 89.0, 0], [10, 2, 1, 1, 8.0, 2.0, 22.2, 89.0, 0.0], [11, 2, 1, 1, 8.0, 2.0, 22.2, 89.0, 0.0]
[1, 1, 0, 0, 16.0, 3.0, 22.5, 85.0, 0], [2, 1, 0, 0, 8.0, 2.0, 22.5, 85.0, 0], [3, 1, 0, 0, 8.0, 2.0, 22.5, 85.0, 0.0], [4, 2, 0, 1, 50.0, 10.0, 23.18, 81.28, 10.0], [5, 2, 0, 1, 50.0, 10.0, 23.26, 82.4, 10.0], [6, 1, 0, 0, 10.0, 2.0, 22.9, 86.0, 0.0], [7, 1, 0, 0, 10.0, 2.0, 22.9, 86.0, 0.0], [8, 1, 0, 0, 8.0, 2.0, 22.9, 86.0, 0.0], [9, 2, 1, 1, 16.0, 4.0, 22.2, 89.0, 0.0], [10, 2, 1, 1, 8.0, 2.0, 22.2, 89.0, 0.0], [11, 2, 1, 1, 8.0, 2.0, 22.2, 89.0, 0.0]
[1, 1, 0, 0, 16.0, 3.0, 22.5, 85.0, 0], [2, 1, 0, 0, 8.0, 2.0, 22.5, 85.0, 0.0], [3, 1, 0, 0, 8.0, 2.0, 22.5, 85.0, 0.0], [4, 2, 0, 1, 50.0, 10.0, 23.18, 81.28, 10.0], [5, 2, 0, 1, 50.0, 10.0, 23.26, 82.4, 10.0], [6, 1, 0, 0, 5.0, 1.0, 22.9, 86.0, 0.0], [7, 1, 0, 0, 5.0, 1.0, 22.9, 86.0, 0.0], [8, 1, 0, 0, 10.0, 2.0, 22.9, 86.0, 0.0], [9, 1, 0, 0, 8.0, 2.0, 22.9, 86.0, 0.0], [10, 2, 1, 1, 8.0, 2.0, 22.2, 89.0, 0.0], [11, 2, 1, 1, 8.0, 2.0, 22.2, 89.0, 0.0], [12, 2, 1, 1, 16.0, 4.0, 22.2, 89.0, 0.0]
[1, 1, 0, 0, 24.0, 5.0, 22.5, 85.0, 0], [2, 1, 0, 0, 8.0, 2.0, 22.5, 85.0, 0.0], [3, 2, 0, 1, 50.0, 10.0, 23.18, 81.28, 10.0], [4, 2, 0, 1, 50.0, 10.0, 23.26, 82.4, 10.0], [5, 1, 0, 0, 10.0, 2.0, 22.9, 86.0, 0.0], [6, 1, 0, 0, 10.0, 2.0, 22.9, 86.0, 0.0], [7, 1, 0, 0, 8.0, 2.0, 22.9, 86.0, 0.0], [8, 2, 1, 1, 16.0, 4.0, 22.2, 89.0, 0.0], [9, 2, 1, 1, 16.0, 4.0, 22.2, 89.0, 0.0]
[1, 1, 0, 0, 32, 6, 22.5, 85.0, 0], [2, 2, 0, 1, 50.0, 10.0, 23.18, 81.28, 10.0], [3, 2, 0, 1, 50.0, 10.0, 23.26, 82.4, 10.0], [4, 1, 0, 0, 10.0, 2.0, 22.9, 86.0, 0.0], [5, 1, 0, 0, 9.0, 2.0, 22.9, 86.0, 0.0], [6, 1, 0, 0, 9.0, 2.0, 22.9, 86.0, 0.0], [7, 2, 1, 1, 32, 8, 22.2, 89.0, 0]
[1, 1, 0, 0, 12.0, 3.0, 22.5, 85.0, 0.0], [2, 1, 0, 0, 12.0, 3.0, 22.5, 85.0, 0.0], [3, 1, 0, 0, 8.0, 2.0, 22.5, 85.0, 0.0], [4, 2, 0, 1, 50.0, 10.0, 23.18, 81.28, 10.0], [5, 2, 0, 1, 50.0, 10.0, 23.26, 82.4, 10.0], [6, 1, 0, 0, 20.0, 4.0, 22.9, 86.0, 0.0], [7, 1, 0, 0, 8.0, 2.0, 22.9, 86.0, 0.0], [8, 2, 1, 1, 16.0, 4.0, 22.2, 89.0, 0.0], [9, 2, 1, 1, 16.0, 4.0, 22.2, 89.0, 0.0]
[1, 1, 0, 0, 8.0, 2.0, 22.5, 85.0, 0.0], [2, 1, 0, 0, 8.0, 1.0, 22.5, 85.0, 0.0], [3, 1, 0, 0, 16.0, 3.0, 22.5, 85.0, 0.0], [4, 2, 0, 1, 50.0, 10.0, 23.18, 81.28, 10.0], [5, 2, 0, 1, 50.0, 10.0, 23.26, 82.4, 10.0], [6, 1, 0, 0, 10.0, 2.0, 22.9, 86.0, 0], [7, 1, 0, 0, 10.0, 2.0, 22.9, 86.0, 0.0], [8, 1, 0, 0, 8.0, 2.0, 22.9, 86.0, 0.0], [9, 2, 1, 1, 8.0, 2.0, 22.2, 89.0, 0.0], [10, 2, 1, 1, 8.0, 2.0, 22.2, 89.0, 0.0], [11, 2, 1, 1, 8.0, 2.0, 22.2, 89.0, 0.0], [12, 2, 1, 1, 8.0, 2.0, 22.2, 89.0, 0.0]
[1, 1, 0, 0, 32, 6, 22.5, 85.0, 0], [2, 2, 0, 1, 50.0, 10.0, 23.18, 81.28, 10.0], [3, 2, 0, 1, 50.0, 10.0, 23.26, 82.4, 10.0], [4, 1, 0, 0, 14.0, 3.0, 22.9, 86.0, 0.0], [5, 1, 0, 0, 14.0, 3.0, 22.9, 86.0, 0.0], [6, 2, 1, 1, 8.0, 2.0, 22.2, 89.0, 0.0], [7, 2, 1, 1, 8.0, 2.0, 22.2, 89.0, 0.0], [8, 2, 1, 1, 16.0, 4.0, 22.2, 89.0, 0.0]
[1, 1, 0, 0, 16.0, 3.0, 22.5, 85.0, 0.0], [2, 1, 0, 0, 16.0, 3.0, 22.5, 85.0, 0.0], [3, 2, 0, 1, 50.0, 10.0, 23.18, 81.28, 10.0], [4, 2, 0, 1, 50.0, 10.0, 23.26, 82.4, 10.0], [5, 1, 0, 0, 10.0, 2.0, 22.9, 86.0, 0], [6, 1, 0, 0, 18.0, 4.0, 22.9, 86.0, 0], [7, 2, 1, 1, 16.0, 4.0, 22.2, 89.0, 0.0], [8, 2, 1, 1, 16.0, 4.0, 22.2, 89.0, 0.0]
[1, 1, 0, 0, 16.0, 4.0, 22.5, 85.0, 0], [2, 1, 0, 0, 8.0, 2.0, 22.5, 85.0, 0.0], [3, 1, 0, 0, 8.0, 2.0, 22.5, 85.0, 0.0], [4, 2, 0, 1, 50.0, 10.0, 23.18, 81.28, 10.0], [5, 2, 0, 1, 50.0, 10.0, 23.26, 82.4, 10.0], [6, 1, 0, 0, 5.0, 1.0, 22.9, 86.0, 0], [7, 1, 0, 0, 5.0, 1.0, 22.9, 86.0, 0.0], [8, 1, 0, 0, 5.0, 1.0, 22.9, 86.0, 0.0], [9, 1, 0, 0, 5.0, 1.0, 22.9, 86.0, 0.0], [10, 1, 0, 0, 8.0, 2.0, 22.9, 86.0, 0], [11, 2, 1, 1, 32.0, 8.0, 22.2, 89.0, 0.0]
[1, 1, 0, 0, 16.0, 3.0, 22.5, 85.0, 0], [2, 1, 0, 0, 8.0, 2.0, 22.5, 85.0, 0.0], [3, 1, 0, 0, 8.0, 2.0, 22.5, 85.0, 0.0], [4, 2, 0, 1, 32.0, 6.0, 23.0, 82.0, 6.0], [5, 2, 0, 1, 16.0, 3.0, 23.5, 80.0, 3.0], [6, 2, 0, 1, 28.0, 6.0, 23.371428571428567, 81.28571428571428, 6.0], [7, 2, 0, 1, 18.0, 5.0, 23.2, 83.0, 4.0], [8, 2, 0, 1, 6.0, 1.0, 23.0, 85.0, 1.0], [9, 1, 0, 0, 12.0, 2.0, 22.9, 86.0, 0], [10, 1, 0, 0, 8.0, 2.0, 22.9, 86.0, 0], [11, 1, 0, 0, 8.0, 2.0, 22.9, 86.0, 0.0], [12, 1, 1, 0, 16.0, 4.0, 22.2, 89.0, 0], [13, 2, 1, 1, 16.0, 4.0, 22.2, 89.0, 0.0]
[1, 1, 0, 0, 16.0, 4.0, 22.5, 85.0, 0], [2, 1, 0, 0, 16.0, 4.0, 22.5, 85.0, 0.0], [3, 2, 0, 1, 50.0, 10.0, 23.18, 81.28, 10.0], [4, 2, 0, 1, 50.0, 10.0, 23.26, 82.4, 10.0], [5, 1, 0, 0, 5.0, 1.0, 22.9, 86.0, 0], [6, 1, 0, 0, 5.0, 1.0, 22.9, 86.0, 0.0], [7, 1, 0, 0, 5.0, 1.0, 22.9, 86.0, 0.0], [8, 1, 0, 0, 5.0, 1.0, 22.9, 86.0, 0.0], [9, 1, 0, 0, 8.0, 2.0, 22.9, 86.0, 0], [10, 2, 1, 1, 32.0, 8.0, 22.2, 89.0, 0.0]
[1, 1, 0, 0, 16.0, 3.0, 22.5, 85.0, 0.0], [2, 1, 0, 0, 16.0, 3.0, 22.5, 85.0, 0], [3, 2, 0, 1, 50.0, 10.0, 23.18, 81.28, 10.0], [4, 2, 0, 1, 50.0, 10.0, 23.26, 82.4, 10.0], [5, 1, 0, 0, 28.0, 6.0, 22.9, 86.0, 0.0], [6, 2, 1, 1, 32.0, 8.0, 22.2, 89.0, 0.0]
[1, 1, 0, 0, 16.0, 3.0, 22.5, 85.0, 0], [2, 1, 0, 0, 16.0, 3.0, 22.5, 85.0, 0.0], [3, 2, 0, 1, 50.0, 10.0, 23.18, 81.28, 10.0], [4, 2, 0, 1, 50.0, 10.0, 23.26, 82.4, 10.0], [5, 1, 0, 0, 28.0, 6.0, 22.9, 86.0, 0.0], [6, 2, 1, 1, 32.0, 8.0, 22.2, 89.0, 0.0]
[1, 1, 0, 0, 8.0, 2.0, 22.5, 85.0, 0.0], [2, 1, 0, 0, 8.0, 1.0, 22.5, 85.0, 0.0], [3, 1, 0, 0, 8.0, 2.0, 22.5, 85.0, 0.0], [4, 1, 0, 0, 8.0, 1.0, 22.5, 85.0, 0.0], [5, 2, 0, 1, 50.0, 10.0, 23.18, 81.28, 10.0], [6, 2, 0, 1, 50.0, 10.0, 23.26, 82.4, 10.0], [7, 1, 0, 0, 10.0, 2.0, 22.9, 86.0, 0.0], [8, 1, 0, 0, 5.0, 1.0, 22.9, 86.0, 0.0], [9, 1, 0, 0, 5.0, 1.0, 22.9, 86.0, 0], [10, 1, 0, 0, 8.0, 2.0, 22.9, 86.0, 0], [11, 2, 1, 1, 16.0, 4.0, 22.2, 89.0, 0.0], [12, 2, 1, 1, 16.0, 4.0, 22.2, 89.0, 0.0]
[1, 1, 0, 0, 32, 6, 22.5, 85.0, 0], [2, 2, 0, 1, 50.0, 10.0, 23.18, 81.28, 10.0], [3, 2, 0, 1, 50.0, 10.0, 23.26, 82.4, 10.0], [4, 1, 0, 0, 14.0, 3.0, 22.9, 86.0, 0.0], [5, 1, 0, 0, 14.0, 3.0, 22.9, 86.0, 0], [6, 2, 1, 1, 16.0, 4.0, 22.2, 89.0, 0.0], [7, 2, 1, 1, 16.0, 4.0, 22.2, 89.0, 0.0]
[1, 1, 0, 0, 16.0, 3.0, 22.5, 85.0, 0.0], [2, 1, 0, 0, 16.0, 3.0, 22.5, 85.0, 0.0], [3, 2, 0, 1, 50.0, 10.0, 23.18, 81.28, 10.0], [4, 2, 0, 1, 50.0, 10.0, 23.26, 82.4, 10.0], [5, 1, 0, 0, 10.0, 2.0, 22.9, 86.0, 0], [6, 1, 0, 0, 18.0, 4.0, 22.9, 86.0, 0.0], [7, 2, 1, 1, 32, 8, 22.2, 89.0, 0]
[1, 1, 0, 0, 8.0, 2.0, 22.5, 85.0, 0.0], [2, 1, 0, 0, 24.0, 4.0, 22.5, 85.0, 0.0], [3, 2, 0, 1, 50.0, 10.0, 23.18, 81.28, 10.0], [4, 2, 0, 1, 50.0, 10.0, 23.26, 82.4, 10.0], [5, 1, 0, 0, 10.0, 2.0, 22.9, 86.0, 0.0], [6, 1, 0, 0, 18.0, 4.0, 22.9, 86.0, 0.0], [7, 2, 1, 1, 16.0, 4.0, 22.2, 89.0, 0.0], [8, 2, 1, 1, 8.0, 2.0, 22.2, 89.0, 0.0], [9, 2, 1, 1, 8.0, 2.0, 22.2, 89.0, 0.0]
[1, 1, 0, 0, 16.0, 3.0, 22.5, 85.0, 0.0], [2, 1, 0, 0, 16.0, 3.0, 22.5, 85.0, 0.0], [3, 2, 0, 1, 50.0, 10.0, 23.18, 81.28, 10.0], [4, 2, 0, 1, 50.0, 10.0, 23.26, 82.4, 10.0], [5, 1, 0, 0, 10.0, 2.0, 22.9, 86.0, 0], [6, 1, 0, 0, 18.0, 4.0, 22.9, 86.0, 0], [7, 2, 1, 1, 16.0, 4.0, 22.2, 89.0, 0.0], [8, 2, 1, 1, 16.0, 4.0, 22.2, 89.0, 0.0]
[1, 1, 0, 0, 16.0, 4.0, 22.5, 85.0, 0], [2, 1, 0, 0, 8.0, 2.0, 22.5, 85.0, 0], [3, 1, 0, 0, 8.0, 2.0, 22.5, 85.0, 0.0], [4, 2, 0, 1, 50.0, 10.0, 23.18, 81.28, 10.0], [5, 2, 0, 1, 50.0, 10.0, 23.26, 82.4, 10.0], [6, 1, 0, 0, 5.0, 1.0, 22.9, 86.0, 0], [7, 1, 0, 0, 5.0, 1.0, 22.9, 86.0, 0.0], [8, 1, 0, 0, 5.0, 1.0, 22.9, 86.0, 0.0], [9, 1, 0, 0, 5.0, 1.0, 22.9, 86.0, 0.0], [10, 1, 0, 0, 8.0, 2.0, 22.9, 86.0, 0], [11, 2, 1, 1, 32.0, 8.0, 22.2, 89.0, 0.0]
[1, 1, 0, 0, 32, 6, 22.5, 85.0, 0], [2, 2, 0, 1, 50.0, 10.0, 23.18, 81.28, 10.0], [3, 2, 0, 1, 50.0, 10.0, 23.26, 82.4, 10.0], [4, 1, 0, 0, 28.0, 6.0, 22.9, 86.0, 0.0], [5, 2, 1, 1, 32.0, 8.0, 22.2, 89.0, 0.0]
[1, 1, 0, 0, 16.0, 3.0, 22.5, 85.0, 0.0], [2, 1, 0, 0, 16.0, 4.0, 22.5, 85.0, 0], [3, 2, 0, 1, 50.0, 10.0, 23.18, 81.28, 10.0], [4, 2, 0, 1, 50.0, 10.0, 23.26, 82.4, 10.0], [5, 1, 0, 0, 10.0, 2.0, 22.9, 86.0, 0.0], [6, 1, 0, 0, 10.0, 2.0, 22.9, 86.0, 0.0], [7, 1, 0, 0, 8.0, 2.0, 22.9, 86.0, 0], [8, 2, 1, 1, 32, 8, 22.2, 89.0, 0]
[1, 1, 0, 0, 16.0, 3.0, 22.5, 85.0, 0.0], [2, 1, 0, 0, 8.0, 2.0, 22.5, 85.0, 0.0], [3, 1, 0, 0, 8.0, 1.0, 22.5, 85.0, 0.0], [4, 2, 0, 1, 50.0, 10.0, 23.18, 81.28, 10.0], [5, 2, 0, 1, 50.0, 10.0, 23.26, 82.4, 10.0], [6, 1, 0, 0, 20.0, 4.0, 22.9, 86.0, 0.0], [7, 1, 0, 0, 8.0, 2.0, 22.9, 86.0, 0], [8, 2, 1, 1, 32, 8, 22.2, 89.0, 0]
[1, 1, 0, 0, 8.0, 2.0, 22.5, 85.0, 0], [2, 1, 0, 0, 8.0, 2.0, 22.5, 85.0, 0.0], [3, 1, 0, 0, 16.0, 3.0, 22.5, 85.0, 0.0], [4, 2, 0, 1, 50.0, 10.0, 23.18, 81.28, 10.0], [5, 2, 0, 1, 50.0, 10.0, 23.26, 82.4, 10.0], [6, 1, 0, 0, 10.0, 2.0, 22.9, 86.0, 0], [7, 1, 0, 0, 18.0, 4.0, 22.9, 86.0, 0.0], [8, 2, 1, 1, 32.0, 8.0, 22.2, 89.0, 0.0]
[1, 1, 0, 0, 16.0, 3.0, 22.5, 85.0, 0], [2, 1, 0, 0, 8.0, 2.0, 22.5, 85.0, 0.0], [3, 1, 0, 0, 8.0, 2.0, 22.5, 85.0, 0.0], [4, 2, 0, 1, 50.0, 10.0, 23.18, 81.28, 10.0], [5, 2, 0, 1, 50.0, 10.0, 23.26, 82.4, 10.0], [6, 1, 0, 0, 10.0, 2.0, 22.9, 86.0, 0.0], [7, 1, 0, 0, 10.0, 2.0, 22.9, 86.0, 0], [8, 1, 0, 0, 8.0, 2.0, 22.9, 86.0, 0.0], [9, 2, 1, 1, 16.0, 4.0, 22.2, 89.0, 0.0], [10, 2, 1, 1, 16.0, 4.0, 22.2, 89.0, 0.0]
[1, 1, 0, 0, 8.0, 2.0, 22.5, 85.0, 0.0], [2, 1, 0, 0, 8.0, 1.0, 22.5, 85.0, 0.0], [3, 1, 0, 0, 16.0, 3.0, 22.5, 85.0, 0.0], [4, 2, 0, 1, 50.0, 10.0, 23.18, 81.28, 10.0], [5, 2, 0, 1, 50.0, 10.0, 23.26, 82.4, 10.0], [6, 1, 0, 0, 20.0, 4.0, 22.9, 86.0, 0], [7, 1, 0, 0, 8.0, 2.0, 22.9, 86.0, 0], [8, 2, 1, 1, 32, 8, 22.2, 89.0, 0]
[1, 1, 0, 0, 32, 6, 22.5, 85.0, 0], [2, 2, 0, 1, 50.0, 10.0, 23.18, 81.28, 10.0], [3, 2, 0, 1, 50.0, 10.0, 23.26, 82.4, 10.0], [4, 1, 0, 0, 10.0, 2.0, 22.9, 86.0, 0], [5, 1, 0, 0, 18.0, 4.0, 22.9, 86.0, 0.0], [6, 2, 1, 1, 32.0, 8.0, 22.2, 89.0, 0.0]
