 0.14059699 16.44      
 0.14633877 16.17      
 0.14059699 16.44      
 0.14633877 16.17      
 0.14933763 16.17      
 0.14633877 16.17      
 0.14633877 16.17      
 0.14933763 16.17      
 0.14933763 16.17      
 0.14059699 16.44      
 0.14933763 16.17      
 0.14633877 16.17      
 0.14059699 16.44      
 0.14933763 16.17      
 0.14059699 16.44      
 0.14633877 16.17      
 0.14633877 16.17      
 0.14059699 16.44      
 0.14633877 16.17      
 0.14633877 16.17      
 0.14059699 16.44      
 0.14059699 16.44      
 0.14633877 16.17      
 0.14633877 16.17      
 0.14633877 16.17      
 0.14633877 16.17      
 0.14073563 16.44      
 0.14933763 16.17      
 0.14651088 16.17      
 0.14115157 16.44      
 0.15966618 16.17      
 0.15966618 16.17      
 0.14979724 16.17      
 0.14979724 16.17      
 0.14979724 16.17      
 0.15966618 16.17      
 0.15966618 16.17      
 0.15966618 16.17      
 0.15966618 16.17      
 0.15966618 16.17      
 0.15966618 16.17      
 0.15966618 16.17      
 0.15966618 16.17      
 0.15966618 16.17      
 0.15966618 16.17      
 0.15966618 16.17      
 0.15966618 16.17      
 0.15966618 16.17      
 0.15966618 16.17      
 0.15966618 16.17      
