 0.13289982 16.44      
 0.13289982 16.44      
 0.13289982 16.44      
 0.13289982 16.44      
 0.13289982 16.44      
 0.13289982 16.44      
 0.13289982 16.44      
 0.13289982 16.44      
 0.13289982 16.44      
 0.13289982 16.44      
 0.13289982 16.44      
 0.13289982 16.44      
 0.13289982 16.44      
 0.13289982 16.44      
 0.13289982 16.44      
 0.13289982 16.44      
 0.13289982 16.44      
 0.13289982 16.44      
 0.13289982 16.44      
 0.13289982 16.44      
 0.13289982 16.44      
 0.13289982 16.44      
 0.13289982 16.44      
 0.13289982 16.44      
 0.13289982 16.44      
 0.13289982 16.44      
 0.13158049 16.62      
 0.13289982 16.44      
 0.13289982 16.44      
 0.13289982 16.44      
 0.13289982 16.44      
 0.13289982 16.44      
 0.13289982 16.44      
 0.13289982 16.44      
 0.13289982 16.44      
 0.13289982 16.44      
 0.13289982 16.44      
 0.13289982 16.44      
 0.13289982 16.44      
 0.13289982 16.44      
 0.13289982 16.44      
 0.13289982 16.44      
 0.13289982 16.44      
 0.13289982 16.44      
 0.13289982 16.44      
 0.13289982 16.44      
 0.13289982 16.44      
 0.13158049 16.62      
 0.13289982 16.44      
 0.13289982 16.44      
