[1, 1, 0, 0, 8.0, 2.0, 22.5, 85.0, 0.0], [2, 1, 0, 0, 8.0, 2.0, 22.5, 85.0, 0.0], [3, 1, 0, 0, 16.0, 3.0, 22.5, 85.0, 0.0], [4, 2, 0, 1, 32, 6, 23.0, 82.0, 6.0], [5, 2, 0, 1, 16.0, 3.0, 23.5, 80.0, 3.0], [6, 2, 0, 1, 32.0, 6.0, 23.35, 81.5, 6.0], [7, 2, 0, 1, 8.0, 2.0, 23.2, 83.0, 1.0], [8, 2, 0, 1, 8.0, 1.0, 23.2, 83.0, 1.0], [9, 2, 0, 1, 32.0, 6.0, 22.9, 86.0, 3.0], [10, 2, 1, 1, 8.0, 2.0, 22.2, 89.0, 0.0], [11, 1, 1, 0, 8.0, 2.0, 22.2, 89.0, 0], [12, 1, 1, 0, 8.0, 2.0, 22.2, 89.0, 0], [13, 1, 1, 0, 8.0, 2.0, 22.2, 89.0, 0.0]
[1, 1, 0, 0, 8.0, 2.0, 22.5, 85.0, 0], [2, 2, 0, 1, 8.0, 2.0, 22.5, 85.0, 1.0], [3, 2, 0, 1, 48.0, 9.0, 22.833333333333332, 83.0, 4.0], [4, 2, 0, 1, 24.0, 5.0, 23.5, 80.0, 3.0], [5, 2, 0, 1, 40.0, 7.0, 23.259999999999998, 82.4, 6.0], [6, 2, 0, 1, 16.0, 3.0, 22.9, 86.0, 3.0], [7, 2, 0, 1, 16.0, 4.0, 22.9, 86.0, 3.0], [8, 1, 1, 0, 8.0, 2.0, 22.2, 89.0, 0], [9, 2, 1, 1, 8.0, 2.0, 22.2, 89.0, 0.0], [10, 1, 1, 0, 8.0, 2.0, 22.2, 89.0, 0.0], [11, 1, 1, 0, 8.0, 2.0, 22.2, 89.0, 0.0]
[1, 1, 0, 0, 8.0, 2.0, 22.5, 85.0, 0.0], [2, 1, 0, 0, 8.0, 2.0, 22.5, 85.0, 0.0], [3, 1, 0, 0, 16.0, 3.0, 22.5, 85.0, 0.0], [4, 2, 0, 1, 32, 6, 23.0, 82.0, 6.0], [5, 2, 0, 1, 16.0, 3.0, 23.5, 80.0, 3.0], [6, 2, 0, 1, 32.0, 6.0, 23.35, 81.5, 6.0], [7, 2, 0, 1, 8.0, 2.0, 23.2, 83.0, 1.0], [8, 2, 0, 1, 8.0, 1.0, 23.2, 83.0, 1.0], [9, 2, 0, 1, 32.0, 6.0, 22.9, 86.0, 3.0], [10, 2, 1, 1, 8.0, 2.0, 22.2, 89.0, 0.0], [11, 1, 1, 0, 8.0, 2.0, 22.2, 89.0, 0], [12, 1, 1, 0, 8.0, 2.0, 22.2, 89.0, 0], [13, 1, 1, 0, 8.0, 2.0, 22.2, 89.0, 0.0]
[1, 1, 0, 0, 8.0, 2.0, 22.5, 85.0, 0.0], [2, 1, 0, 0, 8.0, 2.0, 22.5, 85.0, 0.0], [3, 1, 0, 0, 8.0, 2.0, 22.5, 85.0, 0.0], [4, 1, 0, 0, 8.0, 1.0, 22.5, 85.0, 0.0], [5, 2, 0, 1, 32, 6, 23.0, 82.0, 6.0], [6, 2, 0, 1, 16.0, 3.0, 23.5, 80.0, 3.0], [7, 2, 0, 1, 32.0, 6.0, 23.35, 81.5, 6.0], [8, 2, 0, 1, 8.0, 2.0, 23.2, 83.0, 1.0], [9, 2, 0, 1, 8.0, 1.0, 23.2, 83.0, 1.0], [10, 2, 0, 1, 32.0, 6.0, 22.9, 86.0, 3.0], [11, 2, 1, 1, 8.0, 2.0, 22.2, 89.0, 0.0], [12, 1, 1, 0, 8.0, 2.0, 22.2, 89.0, 0], [13, 1, 1, 0, 8.0, 2.0, 22.2, 89.0, 0], [14, 1, 1, 0, 8.0, 2.0, 22.2, 89.0, 0]
[1, 1, 0, 0, 16.0, 4.0, 22.5, 85.0, 0.0], [2, 1, 0, 0, 8.0, 2.0, 22.5, 85.0, 0.0], [3, 1, 0, 0, 8.0, 1.0, 22.5, 85.0, 0.0], [4, 2, 0, 1, 32, 6, 23.0, 82.0, 6.0], [5, 2, 0, 1, 16.0, 3.0, 23.5, 80.0, 3.0], [6, 2, 0, 1, 32.0, 6.0, 23.35, 81.5, 6.0], [7, 2, 0, 1, 8.0, 2.0, 23.2, 83.0, 1.0], [8, 2, 0, 1, 8.0, 1.0, 23.2, 83.0, 1.0], [9, 2, 0, 1, 32.0, 6.0, 22.9, 86.0, 3.0], [10, 2, 1, 1, 8.0, 2.0, 22.2, 89.0, 0.0], [11, 1, 1, 0, 8.0, 2.0, 22.2, 89.0, 0], [12, 1, 1, 0, 16.0, 4.0, 22.2, 89.0, 0]
[1, 1, 0, 0, 16.0, 4.0, 22.5, 85.0, 0.0], [2, 1, 0, 0, 16.0, 3.0, 22.5, 85.0, 0], [3, 2, 0, 1, 32, 6, 23.0, 82.0, 6.0], [4, 2, 0, 1, 16.0, 3.0, 23.5, 80.0, 3.0], [5, 2, 0, 1, 32.0, 6.0, 23.35, 81.5, 6.0], [6, 2, 0, 1, 8.0, 2.0, 23.2, 83.0, 1.0], [7, 2, 0, 1, 8.0, 1.0, 23.2, 83.0, 1.0], [8, 2, 0, 1, 32.0, 6.0, 22.9, 86.0, 3.0], [9, 2, 1, 1, 8.0, 2.0, 22.2, 89.0, 0.0], [10, 1, 1, 0, 8.0, 2.0, 22.2, 89.0, 0], [11, 1, 1, 0, 8.0, 2.0, 22.2, 89.0, 0], [12, 1, 1, 0, 8.0, 2.0, 22.2, 89.0, 0.0]
[1, 1, 0, 0, 16.0, 4.0, 22.5, 85.0, 0.0], [2, 1, 0, 0, 16.0, 3.0, 22.5, 85.0, 0.0], [3, 2, 0, 1, 32, 6, 23.0, 82.0, 6.0], [4, 2, 0, 1, 16.0, 3.0, 23.5, 80.0, 3.0], [5, 2, 0, 1, 32.0, 6.0, 23.35, 81.5, 6.0], [6, 2, 0, 1, 8.0, 2.0, 23.2, 83.0, 1.0], [7, 2, 0, 1, 8.0, 1.0, 23.2, 83.0, 1.0], [8, 2, 0, 1, 32.0, 6.0, 22.9, 86.0, 3.0], [9, 2, 1, 1, 8.0, 2.0, 22.2, 89.0, 0.0], [10, 1, 1, 0, 8.0, 2.0, 22.2, 89.0, 0], [11, 1, 1, 0, 8.0, 2.0, 22.2, 89.0, 0], [12, 1, 1, 0, 8.0, 2.0, 22.2, 89.0, 0]
[1, 1, 0, 0, 32, 6, 22.5, 85.0, 0], [2, 1, 0, 0, 32.0, 6.0, 23.0, 82.0, 0], [3, 2, 0, 1, 8.0, 2.0, 23.5, 80.0, 2.0], [4, 2, 0, 1, 8.0, 2.0, 23.5, 80.0, 2.0], [5, 2, 0, 1, 8.0, 2.0, 23.5, 80.0, 2.0], [6, 2, 0, 1, 8.0, 2.0, 23.5, 80.0, 2.0], [7, 2, 0, 1, 12.0, 3.0, 23.2, 83.0, 3.0], [8, 2, 0, 1, 12.0, 2.0, 23.2, 83.0, 2.0], [9, 2, 0, 1, 18.0, 3.0, 23.03333333333333, 84.66666666666666, 3.0], [10, 2, 0, 1, 6.0, 1.0, 22.9, 86.0, 1.0], [11, 2, 0, 1, 16.0, 3.0, 22.9, 86.0, 3.0], [12, 2, 1, 1, 32, 8, 22.2, 89.0, 0]
[1, 1, 0, 0, 8.0, 2.0, 22.5, 85.0, 0.0], [2, 1, 0, 0, 8.0, 2.0, 22.5, 85.0, 0], [3, 1, 0, 0, 16.0, 3.0, 22.5, 85.0, 0.0], [4, 2, 0, 1, 32, 6, 23.0, 82.0, 6.0], [5, 2, 0, 1, 16.0, 3.0, 23.5, 80.0, 3.0], [6, 2, 0, 1, 32.0, 6.0, 23.35, 81.5, 6.0], [7, 2, 0, 1, 8.0, 2.0, 23.2, 83.0, 1.0], [8, 2, 0, 1, 8.0, 1.0, 23.2, 83.0, 1.0], [9, 2, 0, 1, 32.0, 6.0, 22.9, 86.0, 3.0], [10, 2, 1, 1, 8.0, 2.0, 22.2, 89.0, 0.0], [11, 1, 1, 0, 8.0, 2.0, 22.2, 89.0, 0], [12, 1, 1, 0, 8.0, 2.0, 22.2, 89.0, 0], [13, 1, 1, 0, 8.0, 2.0, 22.2, 89.0, 0.0]
[1, 1, 0, 0, 16.0, 4.0, 22.5, 85.0, 0.0], [2, 1, 0, 0, 16.0, 3.0, 22.5, 85.0, 0.0], [3, 2, 0, 1, 32, 6, 23.0, 82.0, 6.0], [4, 2, 0, 1, 16.0, 3.0, 23.5, 80.0, 3.0], [5, 2, 0, 1, 32.0, 6.0, 23.35, 81.5, 6.0], [6, 2, 0, 1, 8.0, 2.0, 23.2, 83.0, 1.0], [7, 2, 0, 1, 8.0, 1.0, 23.2, 83.0, 1.0], [8, 2, 0, 1, 32.0, 6.0, 22.9, 86.0, 3.0], [9, 2, 1, 1, 8.0, 2.0, 22.2, 89.0, 0.0], [10, 1, 1, 0, 8.0, 2.0, 22.2, 89.0, 0], [11, 1, 1, 0, 8.0, 2.0, 22.2, 89.0, 0], [12, 1, 1, 0, 8.0, 2.0, 22.2, 89.0, 0.0]
[1, 1, 0, 0, 16.0, 3.0, 22.5, 85.0, 0.0], [2, 1, 0, 0, 16.0, 4.0, 22.5, 85.0, 0.0], [3, 2, 0, 1, 32.0, 6.0, 23.0, 82.0, 6.0], [4, 2, 0, 1, 8.0, 2.0, 23.5, 80.0, 2.0], [5, 2, 0, 1, 8.0, 2.0, 23.5, 80.0, 2.0], [6, 2, 0, 1, 16.0, 4.0, 23.5, 80.0, 3.0], [7, 2, 0, 1, 24.0, 5.0, 23.2, 83.0, 4.0], [8, 2, 0, 1, 40.0, 8.0, 22.96, 85.4, 3.0], [9, 2, 1, 1, 16.0, 4.0, 22.2, 89.0, 0.0], [10, 2, 1, 1, 8.0, 2.0, 22.2, 89.0, 0.0], [11, 2, 1, 1, 8.0, 2.0, 22.2, 89.0, 0.0]
[1, 1, 0, 0, 8.0, 2.0, 22.5, 85.0, 0.0], [2, 1, 0, 0, 8.0, 2.0, 22.5, 85.0, 0], [3, 1, 0, 0, 8.0, 2.0, 22.5, 85.0, 0.0], [4, 1, 0, 0, 8.0, 1.0, 22.5, 85.0, 0.0], [5, 2, 0, 1, 32, 6, 23.0, 82.0, 6.0], [6, 2, 0, 1, 16.0, 3.0, 23.5, 80.0, 3.0], [7, 2, 0, 1, 32.0, 6.0, 23.35, 81.5, 6.0], [8, 2, 0, 1, 8.0, 2.0, 23.2, 83.0, 1.0], [9, 2, 0, 1, 8.0, 1.0, 23.2, 83.0, 1.0], [10, 2, 0, 1, 32.0, 6.0, 22.9, 86.0, 3.0], [11, 2, 1, 1, 8.0, 2.0, 22.2, 89.0, 0.0], [12, 1, 1, 0, 8.0, 2.0, 22.2, 89.0, 0], [13, 1, 1, 0, 8.0, 2.0, 22.2, 89.0, 0], [14, 1, 1, 0, 8.0, 2.0, 22.2, 89.0, 0]
[1, 1, 0, 0, 8.0, 2.0, 22.5, 85.0, 0.0], [2, 1, 0, 0, 8.0, 2.0, 22.5, 85.0, 0], [3, 1, 0, 0, 16.0, 3.0, 22.5, 85.0, 0.0], [4, 2, 0, 1, 32, 6, 23.0, 82.0, 6.0], [5, 2, 0, 1, 16.0, 3.0, 23.5, 80.0, 3.0], [6, 2, 0, 1, 32.0, 6.0, 23.35, 81.5, 6.0], [7, 2, 0, 1, 8.0, 2.0, 23.2, 83.0, 1.0], [8, 2, 0, 1, 8.0, 1.0, 23.2, 83.0, 1.0], [9, 2, 0, 1, 32.0, 6.0, 22.9, 86.0, 3.0], [10, 2, 1, 1, 8.0, 2.0, 22.2, 89.0, 0.0], [11, 1, 1, 0, 8.0, 2.0, 22.2, 89.0, 0], [12, 1, 1, 0, 8.0, 2.0, 22.2, 89.0, 0], [13, 1, 1, 0, 8.0, 2.0, 22.2, 89.0, 0.0]
[1, 1, 0, 0, 8.0, 2.0, 22.5, 85.0, 0.0], [2, 1, 0, 0, 8.0, 2.0, 22.5, 85.0, 0.0], [3, 1, 0, 0, 16.0, 3.0, 22.5, 85.0, 0.0], [4, 2, 0, 1, 32, 6, 23.0, 82.0, 6.0], [5, 2, 0, 1, 16.0, 3.0, 23.5, 80.0, 3.0], [6, 2, 0, 1, 32.0, 6.0, 23.35, 81.5, 6.0], [7, 2, 0, 1, 8.0, 2.0, 23.2, 83.0, 1.0], [8, 2, 0, 1, 8.0, 1.0, 23.2, 83.0, 1.0], [9, 2, 0, 1, 32.0, 6.0, 22.9, 86.0, 3.0], [10, 2, 1, 1, 8.0, 2.0, 22.2, 89.0, 0.0], [11, 1, 1, 0, 8.0, 2.0, 22.2, 89.0, 0], [12, 1, 1, 0, 8.0, 2.0, 22.2, 89.0, 0], [13, 1, 1, 0, 8.0, 2.0, 22.2, 89.0, 0]
[1, 1, 0, 0, 8.0, 2.0, 22.5, 85.0, 0.0], [2, 1, 0, 0, 8.0, 2.0, 22.5, 85.0, 0.0], [3, 1, 0, 0, 16.0, 3.0, 22.5, 85.0, 0.0], [4, 2, 0, 1, 32, 6, 23.0, 82.0, 6.0], [5, 2, 0, 1, 16.0, 3.0, 23.5, 80.0, 3.0], [6, 2, 0, 1, 32.0, 6.0, 23.35, 81.5, 6.0], [7, 2, 0, 1, 8.0, 2.0, 23.2, 83.0, 1.0], [8, 2, 0, 1, 8.0, 1.0, 23.2, 83.0, 1.0], [9, 2, 0, 1, 32.0, 6.0, 22.9, 86.0, 3.0], [10, 2, 1, 1, 8.0, 2.0, 22.2, 89.0, 0.0], [11, 1, 1, 0, 8.0, 2.0, 22.2, 89.0, 0], [12, 1, 1, 0, 8.0, 2.0, 22.2, 89.0, 0], [13, 1, 1, 0, 8.0, 2.0, 22.2, 89.0, 0]
[1, 1, 0, 0, 8.0, 2.0, 22.5, 85.0, 0.0], [2, 1, 0, 0, 8.0, 2.0, 22.5, 85.0, 0.0], [3, 1, 0, 0, 16.0, 3.0, 22.5, 85.0, 0.0], [4, 2, 0, 1, 32, 6, 23.0, 82.0, 6.0], [5, 2, 0, 1, 16.0, 3.0, 23.5, 80.0, 3.0], [6, 2, 0, 1, 32.0, 6.0, 23.35, 81.5, 6.0], [7, 2, 0, 1, 8.0, 2.0, 23.2, 83.0, 1.0], [8, 2, 0, 1, 8.0, 1.0, 23.2, 83.0, 1.0], [9, 2, 0, 1, 32.0, 6.0, 22.9, 86.0, 3.0], [10, 2, 1, 1, 8.0, 2.0, 22.2, 89.0, 0.0], [11, 1, 1, 0, 8.0, 2.0, 22.2, 89.0, 0], [12, 1, 1, 0, 8.0, 2.0, 22.2, 89.0, 0], [13, 1, 1, 0, 8.0, 2.0, 22.2, 89.0, 0.0]
[1, 1, 0, 0, 8.0, 2.0, 22.5, 85.0, 0.0], [2, 1, 0, 0, 8.0, 2.0, 22.5, 85.0, 0.0], [3, 1, 0, 0, 16.0, 3.0, 22.5, 85.0, 0.0], [4, 2, 0, 1, 32, 6, 23.0, 82.0, 6.0], [5, 2, 0, 1, 16.0, 3.0, 23.5, 80.0, 3.0], [6, 2, 0, 1, 32.0, 6.0, 23.35, 81.5, 6.0], [7, 2, 0, 1, 8.0, 2.0, 23.2, 83.0, 1.0], [8, 2, 0, 1, 8.0, 1.0, 23.2, 83.0, 1.0], [9, 2, 0, 1, 32.0, 6.0, 22.9, 86.0, 3.0], [10, 2, 1, 1, 8.0, 2.0, 22.2, 89.0, 0.0], [11, 1, 1, 0, 8.0, 2.0, 22.2, 89.0, 0], [12, 1, 1, 0, 8.0, 2.0, 22.2, 89.0, 0], [13, 1, 1, 0, 8.0, 2.0, 22.2, 89.0, 0.0]
[1, 1, 0, 0, 64.0, 12.0, 22.75, 83.5, 0], [2, 2, 0, 1, 8.0, 2.0, 23.5, 80.0, 2.0], [3, 2, 0, 1, 8.0, 2.0, 23.5, 80.0, 2.0], [4, 2, 0, 1, 8.0, 2.0, 23.5, 80.0, 2.0], [5, 2, 0, 1, 8.0, 2.0, 23.5, 80.0, 2.0], [6, 2, 0, 1, 24.0, 5.0, 23.2, 83.0, 5.0], [7, 2, 0, 1, 12.0, 2.0, 23.099999999999998, 84.0, 2.0], [8, 2, 0, 1, 12.0, 2.0, 22.9, 86.0, 2.0], [9, 2, 0, 1, 16.0, 3.0, 22.9, 86.0, 3.0], [10, 1, 1, 0, 8.0, 2.0, 22.2, 89.0, 0.0], [11, 1, 1, 0, 8.0, 2.0, 22.2, 89.0, 0.0], [12, 2, 1, 1, 16.0, 4.0, 22.2, 89.0, 0.0]
[1, 1, 0, 0, 16.0, 4.0, 22.5, 85.0, 0.0], [2, 1, 0, 0, 16.0, 3.0, 22.5, 85.0, 0.0], [3, 2, 0, 1, 32, 6, 23.0, 82.0, 6.0], [4, 2, 0, 1, 16.0, 3.0, 23.5, 80.0, 3.0], [5, 2, 0, 1, 32.0, 6.0, 23.35, 81.5, 6.0], [6, 2, 0, 1, 8.0, 2.0, 23.2, 83.0, 1.0], [7, 2, 0, 1, 8.0, 1.0, 23.2, 83.0, 1.0], [8, 2, 0, 1, 32.0, 6.0, 22.9, 86.0, 3.0], [9, 2, 1, 1, 8.0, 2.0, 22.2, 89.0, 0.0], [10, 1, 1, 0, 8.0, 2.0, 22.2, 89.0, 0], [11, 1, 1, 0, 8.0, 2.0, 22.2, 89.0, 0], [12, 1, 1, 0, 8.0, 2.0, 22.2, 89.0, 0.0]
[1, 1, 0, 0, 64.0, 12.0, 22.75, 83.5, 0], [2, 2, 0, 1, 8.0, 2.0, 23.5, 80.0, 2.0], [3, 2, 0, 1, 8.0, 2.0, 23.5, 80.0, 2.0], [4, 2, 0, 1, 8.0, 2.0, 23.5, 80.0, 2.0], [5, 2, 0, 1, 8.0, 2.0, 23.5, 80.0, 2.0], [6, 2, 0, 1, 24.0, 5.0, 23.2, 83.0, 5.0], [7, 2, 0, 1, 12.0, 2.0, 23.099999999999998, 84.0, 2.0], [8, 2, 0, 1, 6.0, 1.0, 22.9, 86.0, 1.0], [9, 2, 0, 1, 6.0, 1.0, 22.9, 86.0, 1.0], [10, 2, 0, 1, 16.0, 3.0, 22.9, 86.0, 3.0], [11, 1, 1, 0, 8.0, 2.0, 22.2, 89.0, 0.0], [12, 1, 1, 0, 8.0, 2.0, 22.2, 89.0, 0.0], [13, 2, 1, 1, 16.0, 4.0, 22.2, 89.0, 0.0]
[1, 1, 0, 0, 32, 6, 22.5, 85.0, 0], [2, 1, 0, 0, 32.0, 6.0, 23.0, 82.0, 0], [3, 2, 0, 1, 8.0, 2.0, 23.5, 80.0, 2.0], [4, 2, 0, 1, 8.0, 2.0, 23.5, 80.0, 2.0], [5, 2, 0, 1, 8.0, 2.0, 23.5, 80.0, 2.0], [6, 2, 0, 1, 8.0, 2.0, 23.5, 80.0, 2.0], [7, 2, 0, 1, 12.0, 3.0, 23.2, 83.0, 3.0], [8, 2, 0, 1, 12.0, 2.0, 23.2, 83.0, 2.0], [9, 2, 0, 1, 18.0, 3.0, 23.03333333333333, 84.66666666666666, 3.0], [10, 2, 0, 1, 6.0, 1.0, 22.9, 86.0, 1.0], [11, 2, 0, 1, 16.0, 3.0, 22.9, 86.0, 3.0], [12, 2, 1, 1, 32, 8, 22.2, 89.0, 0]
[1, 1, 0, 0, 8.0, 2.0, 22.5, 85.0, 0.0], [2, 1, 0, 0, 8.0, 2.0, 22.5, 85.0, 0.0], [3, 1, 0, 0, 16.0, 3.0, 22.5, 85.0, 0.0], [4, 2, 0, 1, 32, 6, 23.0, 82.0, 6.0], [5, 2, 0, 1, 16.0, 3.0, 23.5, 80.0, 3.0], [6, 2, 0, 1, 32.0, 6.0, 23.35, 81.5, 6.0], [7, 2, 0, 1, 8.0, 2.0, 23.2, 83.0, 1.0], [8, 2, 0, 1, 8.0, 1.0, 23.2, 83.0, 1.0], [9, 2, 0, 1, 32.0, 6.0, 22.9, 86.0, 3.0], [10, 2, 1, 1, 8.0, 2.0, 22.2, 89.0, 0.0], [11, 1, 1, 0, 8.0, 2.0, 22.2, 89.0, 0], [12, 1, 1, 0, 8.0, 2.0, 22.2, 89.0, 0], [13, 1, 1, 0, 8.0, 2.0, 22.2, 89.0, 0.0]
[1, 1, 0, 0, 16.0, 3.0, 22.5, 85.0, 0], [2, 1, 0, 0, 8.0, 2.0, 22.5, 85.0, 0.0], [3, 1, 0, 0, 8.0, 1.0, 22.5, 85.0, 0.0], [4, 2, 0, 1, 32, 6, 23.0, 82.0, 6.0], [5, 2, 0, 1, 8.0, 2.0, 23.5, 80.0, 2.0], [6, 2, 0, 1, 8.0, 1.0, 23.5, 80.0, 1.0], [7, 2, 0, 1, 16.0, 3.0, 23.5, 80.0, 3.0], [8, 2, 0, 1, 32.0, 6.0, 23.2, 83.0, 5.0], [9, 2, 0, 1, 32.0, 6.0, 22.9, 86.0, 3.0], [10, 2, 1, 1, 8.0, 2.0, 22.2, 89.0, 0.0], [11, 1, 1, 0, 8.0, 2.0, 22.2, 89.0, 0], [12, 1, 1, 0, 8.0, 2.0, 22.2, 89.0, 0.0], [13, 1, 1, 0, 8.0, 2.0, 22.2, 89.0, 0.0]
[1, 1, 0, 0, 64.0, 12.0, 22.75, 83.5, 0], [2, 2, 0, 1, 8.0, 2.0, 23.5, 80.0, 2.0], [3, 2, 0, 1, 8.0, 2.0, 23.5, 80.0, 2.0], [4, 2, 0, 1, 8.0, 2.0, 23.5, 80.0, 2.0], [5, 2, 0, 1, 8.0, 2.0, 23.5, 80.0, 2.0], [6, 2, 0, 1, 24.0, 5.0, 23.2, 83.0, 5.0], [7, 2, 0, 1, 12.0, 2.0, 23.099999999999998, 84.0, 2.0], [8, 2, 0, 1, 12.0, 2.0, 22.9, 86.0, 2.0], [9, 2, 0, 1, 16.0, 3.0, 22.9, 86.0, 3.0], [10, 1, 1, 0, 16.0, 4.0, 22.2, 89.0, 0], [11, 2, 1, 1, 16.0, 4.0, 22.2, 89.0, 0.0]
[1, 1, 0, 0, 8.0, 2.0, 22.5, 85.0, 0.0], [2, 1, 0, 0, 8.0, 2.0, 22.5, 85.0, 0], [3, 1, 0, 0, 16.0, 3.0, 22.5, 85.0, 0.0], [4, 2, 0, 1, 32, 6, 23.0, 82.0, 6.0], [5, 2, 0, 1, 16.0, 3.0, 23.5, 80.0, 3.0], [6, 2, 0, 1, 32.0, 6.0, 23.35, 81.5, 6.0], [7, 2, 0, 1, 8.0, 2.0, 23.2, 83.0, 1.0], [8, 2, 0, 1, 8.0, 1.0, 23.2, 83.0, 1.0], [9, 2, 0, 1, 32.0, 6.0, 22.9, 86.0, 3.0], [10, 2, 1, 1, 8.0, 2.0, 22.2, 89.0, 0.0], [11, 1, 1, 0, 8.0, 2.0, 22.2, 89.0, 0], [12, 1, 1, 0, 8.0, 2.0, 22.2, 89.0, 0], [13, 1, 1, 0, 8.0, 2.0, 22.2, 89.0, 0]
[1, 1, 0, 0, 8.0, 2.0, 22.5, 85.0, 0.0], [2, 1, 0, 0, 8.0, 2.0, 22.5, 85.0, 0], [3, 1, 0, 0, 16.0, 3.0, 22.5, 85.0, 0.0], [4, 2, 0, 1, 32, 6, 23.0, 82.0, 6.0], [5, 2, 0, 1, 16.0, 3.0, 23.5, 80.0, 3.0], [6, 2, 0, 1, 32.0, 6.0, 23.35, 81.5, 6.0], [7, 2, 0, 1, 8.0, 2.0, 23.2, 83.0, 1.0], [8, 2, 0, 1, 8.0, 1.0, 23.2, 83.0, 1.0], [9, 2, 0, 1, 32.0, 6.0, 22.9, 86.0, 3.0], [10, 2, 1, 1, 8.0, 2.0, 22.2, 89.0, 0.0], [11, 1, 1, 0, 8.0, 2.0, 22.2, 89.0, 0], [12, 1, 1, 0, 8.0, 2.0, 22.2, 89.0, 0], [13, 1, 1, 0, 8.0, 2.0, 22.2, 89.0, 0.0]
[1, 1, 0, 0, 8.0, 2.0, 22.5, 85.0, 0.0], [2, 1, 0, 0, 8.0, 2.0, 22.5, 85.0, 0.0], [3, 1, 0, 0, 8.0, 2.0, 22.5, 85.0, 0.0], [4, 1, 0, 0, 8.0, 1.0, 22.5, 85.0, 0.0], [5, 2, 0, 1, 32, 6, 23.0, 82.0, 6.0], [6, 2, 0, 1, 16.0, 3.0, 23.5, 80.0, 3.0], [7, 2, 0, 1, 32.0, 6.0, 23.35, 81.5, 6.0], [8, 2, 0, 1, 8.0, 2.0, 23.2, 83.0, 1.0], [9, 2, 0, 1, 8.0, 1.0, 23.2, 83.0, 1.0], [10, 2, 0, 1, 32.0, 6.0, 22.9, 86.0, 3.0], [11, 2, 1, 1, 8.0, 2.0, 22.2, 89.0, 0.0], [12, 1, 1, 0, 8.0, 2.0, 22.2, 89.0, 0], [13, 1, 1, 0, 8.0, 2.0, 22.2, 89.0, 0], [14, 1, 1, 0, 8.0, 2.0, 22.2, 89.0, 0]
[1, 1, 0, 0, 64.0, 12.0, 22.75, 83.5, 0], [2, 2, 0, 1, 8.0, 2.0, 23.5, 80.0, 2.0], [3, 2, 0, 1, 8.0, 2.0, 23.5, 80.0, 2.0], [4, 2, 0, 1, 8.0, 2.0, 23.5, 80.0, 2.0], [5, 2, 0, 1, 8.0, 2.0, 23.5, 80.0, 2.0], [6, 2, 0, 1, 24.0, 5.0, 23.2, 83.0, 5.0], [7, 2, 0, 1, 12.0, 2.0, 23.099999999999998, 84.0, 2.0], [8, 2, 0, 1, 12.0, 2.0, 22.9, 86.0, 2.0], [9, 2, 0, 1, 16.0, 3.0, 22.9, 86.0, 3.0], [10, 1, 1, 0, 16.0, 4.0, 22.2, 89.0, 0], [11, 2, 1, 1, 16.0, 4.0, 22.2, 89.0, 0.0]
[1, 1, 0, 0, 8.0, 2.0, 22.5, 85.0, 0.0], [2, 1, 0, 0, 8.0, 2.0, 22.5, 85.0, 0], [3, 1, 0, 0, 16.0, 3.0, 22.5, 85.0, 0.0], [4, 2, 0, 1, 32, 6, 23.0, 82.0, 6.0], [5, 2, 0, 1, 16.0, 3.0, 23.5, 80.0, 3.0], [6, 2, 0, 1, 32.0, 6.0, 23.35, 81.5, 6.0], [7, 2, 0, 1, 8.0, 2.0, 23.2, 83.0, 1.0], [8, 2, 0, 1, 8.0, 1.0, 23.2, 83.0, 1.0], [9, 2, 0, 1, 32.0, 6.0, 22.9, 86.0, 3.0], [10, 2, 1, 1, 8.0, 2.0, 22.2, 89.0, 0.0], [11, 1, 1, 0, 8.0, 2.0, 22.2, 89.0, 0], [12, 1, 1, 0, 8.0, 2.0, 22.2, 89.0, 0], [13, 1, 1, 0, 8.0, 2.0, 22.2, 89.0, 0]
[1, 1, 0, 0, 16.0, 3.0, 22.5, 85.0, 0], [2, 1, 0, 0, 8.0, 2.0, 22.5, 85.0, 0.0], [3, 1, 0, 0, 8.0, 1.0, 22.5, 85.0, 0.0], [4, 2, 0, 1, 32, 6, 23.0, 82.0, 6.0], [5, 2, 0, 1, 8.0, 2.0, 23.5, 80.0, 2.0], [6, 2, 0, 1, 8.0, 1.0, 23.5, 80.0, 1.0], [7, 2, 0, 1, 16.0, 3.0, 23.5, 80.0, 3.0], [8, 2, 0, 1, 32.0, 6.0, 23.2, 83.0, 5.0], [9, 2, 0, 1, 32.0, 6.0, 22.9, 86.0, 3.0], [10, 2, 1, 1, 8.0, 2.0, 22.2, 89.0, 0.0], [11, 1, 1, 0, 8.0, 2.0, 22.2, 89.0, 0], [12, 1, 1, 0, 8.0, 2.0, 22.2, 89.0, 0.0], [13, 1, 1, 0, 8.0, 2.0, 22.2, 89.0, 0.0]
[1, 1, 0, 0, 8.0, 2.0, 22.5, 85.0, 0], [2, 1, 0, 0, 8.0, 2.0, 22.5, 85.0, 0.0], [3, 1, 0, 0, 16.0, 3.0, 22.5, 85.0, 0.0], [4, 2, 0, 1, 32, 6, 23.0, 82.0, 6.0], [5, 2, 0, 1, 16.0, 3.0, 23.5, 80.0, 3.0], [6, 2, 0, 1, 32.0, 6.0, 23.35, 81.5, 6.0], [7, 2, 0, 1, 8.0, 2.0, 23.2, 83.0, 1.0], [8, 2, 0, 1, 8.0, 1.0, 23.2, 83.0, 1.0], [9, 2, 0, 1, 32.0, 6.0, 22.9, 86.0, 3.0], [10, 2, 1, 1, 8.0, 2.0, 22.2, 89.0, 0.0], [11, 1, 1, 0, 8.0, 2.0, 22.2, 89.0, 0], [12, 1, 1, 0, 16.0, 4.0, 22.2, 89.0, 0.0]
[1, 1, 0, 0, 8.0, 2.0, 22.5, 85.0, 0], [2, 2, 0, 1, 8.0, 2.0, 22.5, 85.0, 1.0], [3, 2, 0, 1, 48.0, 9.0, 22.833333333333332, 83.0, 4.0], [4, 2, 0, 1, 24.0, 5.0, 23.5, 80.0, 3.0], [5, 2, 0, 1, 40.0, 7.0, 23.259999999999998, 82.4, 6.0], [6, 2, 0, 1, 16.0, 3.0, 22.9, 86.0, 3.0], [7, 2, 0, 1, 16.0, 4.0, 22.9, 86.0, 3.0], [8, 1, 1, 0, 8.0, 2.0, 22.2, 89.0, 0], [9, 2, 1, 1, 8.0, 2.0, 22.2, 89.0, 0.0], [10, 1, 1, 0, 8.0, 2.0, 22.2, 89.0, 0.0], [11, 1, 1, 0, 8.0, 2.0, 22.2, 89.0, 0.0]
[1, 1, 0, 0, 32, 6, 22.5, 85.0, 0], [2, 1, 0, 0, 32.0, 6.0, 23.0, 82.0, 0], [3, 2, 0, 1, 8.0, 2.0, 23.5, 80.0, 2.0], [4, 2, 0, 1, 8.0, 2.0, 23.5, 80.0, 2.0], [5, 2, 0, 1, 8.0, 2.0, 23.5, 80.0, 2.0], [6, 2, 0, 1, 8.0, 2.0, 23.5, 80.0, 2.0], [7, 2, 0, 1, 12.0, 3.0, 23.2, 83.0, 3.0], [8, 2, 0, 1, 12.0, 2.0, 23.2, 83.0, 2.0], [9, 2, 0, 1, 18.0, 3.0, 23.03333333333333, 84.66666666666666, 3.0], [10, 2, 0, 1, 6.0, 1.0, 22.9, 86.0, 1.0], [11, 2, 0, 1, 16.0, 3.0, 22.9, 86.0, 3.0], [12, 2, 1, 1, 32, 8, 22.2, 89.0, 0]
[1, 1, 0, 0, 8.0, 2.0, 22.5, 85.0, 0.0], [2, 1, 0, 0, 8.0, 2.0, 22.5, 85.0, 0.0], [3, 1, 0, 0, 16.0, 3.0, 22.5, 85.0, 0.0], [4, 2, 0, 1, 32, 6, 23.0, 82.0, 6.0], [5, 2, 0, 1, 16.0, 3.0, 23.5, 80.0, 3.0], [6, 2, 0, 1, 32.0, 6.0, 23.35, 81.5, 6.0], [7, 2, 0, 1, 8.0, 2.0, 23.2, 83.0, 1.0], [8, 2, 0, 1, 8.0, 1.0, 23.2, 83.0, 1.0], [9, 2, 0, 1, 32.0, 6.0, 22.9, 86.0, 3.0], [10, 2, 1, 1, 8.0, 2.0, 22.2, 89.0, 0.0], [11, 1, 1, 0, 8.0, 2.0, 22.2, 89.0, 0], [12, 1, 1, 0, 8.0, 2.0, 22.2, 89.0, 0], [13, 1, 1, 0, 8.0, 2.0, 22.2, 89.0, 0.0]
[1, 1, 0, 0, 16.0, 4.0, 22.5, 85.0, 0.0], [2, 1, 0, 0, 16.0, 3.0, 22.5, 85.0, 0.0], [3, 2, 0, 1, 32, 6, 23.0, 82.0, 6.0], [4, 2, 0, 1, 16.0, 3.0, 23.5, 80.0, 3.0], [5, 2, 0, 1, 32.0, 6.0, 23.35, 81.5, 6.0], [6, 2, 0, 1, 8.0, 2.0, 23.2, 83.0, 1.0], [7, 2, 0, 1, 8.0, 1.0, 23.2, 83.0, 1.0], [8, 2, 0, 1, 32.0, 6.0, 22.9, 86.0, 3.0], [9, 2, 1, 1, 8.0, 2.0, 22.2, 89.0, 0.0], [10, 1, 1, 0, 8.0, 2.0, 22.2, 89.0, 0], [11, 1, 1, 0, 8.0, 2.0, 22.2, 89.0, 0], [12, 1, 1, 0, 8.0, 2.0, 22.2, 89.0, 0.0]
[1, 1, 0, 0, 8.0, 2.0, 22.5, 85.0, 0.0], [2, 1, 0, 0, 8.0, 2.0, 22.5, 85.0, 0.0], [3, 1, 0, 0, 16.0, 3.0, 22.5, 85.0, 0.0], [4, 2, 0, 1, 32, 6, 23.0, 82.0, 6.0], [5, 2, 0, 1, 16.0, 3.0, 23.5, 80.0, 3.0], [6, 2, 0, 1, 32.0, 6.0, 23.35, 81.5, 6.0], [7, 2, 0, 1, 8.0, 2.0, 23.2, 83.0, 1.0], [8, 2, 0, 1, 8.0, 1.0, 23.2, 83.0, 1.0], [9, 2, 0, 1, 32.0, 6.0, 22.9, 86.0, 3.0], [10, 2, 1, 1, 8.0, 2.0, 22.2, 89.0, 0.0], [11, 1, 1, 0, 8.0, 2.0, 22.2, 89.0, 0], [12, 1, 1, 0, 8.0, 2.0, 22.2, 89.0, 0], [13, 1, 1, 0, 8.0, 2.0, 22.2, 89.0, 0]
[1, 1, 0, 0, 8.0, 2.0, 22.5, 85.0, 0], [2, 2, 0, 1, 8.0, 2.0, 22.5, 85.0, 1.0], [3, 2, 0, 1, 48.0, 9.0, 22.833333333333332, 83.0, 4.0], [4, 2, 0, 1, 24.0, 5.0, 23.5, 80.0, 3.0], [5, 2, 0, 1, 40.0, 7.0, 23.259999999999998, 82.4, 6.0], [6, 2, 0, 1, 16.0, 3.0, 22.9, 86.0, 3.0], [7, 2, 0, 1, 16.0, 4.0, 22.9, 86.0, 3.0], [8, 1, 1, 0, 8.0, 2.0, 22.2, 89.0, 0], [9, 2, 1, 1, 8.0, 2.0, 22.2, 89.0, 0.0], [10, 1, 1, 0, 8.0, 2.0, 22.2, 89.0, 0.0], [11, 1, 1, 0, 8.0, 2.0, 22.2, 89.0, 0.0]
[1, 1, 0, 0, 8.0, 2.0, 22.5, 85.0, 0.0], [2, 1, 0, 0, 8.0, 2.0, 22.5, 85.0, 0.0], [3, 1, 0, 0, 16.0, 3.0, 22.5, 85.0, 0.0], [4, 2, 0, 1, 32, 6, 23.0, 82.0, 6.0], [5, 2, 0, 1, 16.0, 3.0, 23.5, 80.0, 3.0], [6, 2, 0, 1, 32.0, 6.0, 23.35, 81.5, 6.0], [7, 2, 0, 1, 8.0, 2.0, 23.2, 83.0, 1.0], [8, 2, 0, 1, 8.0, 1.0, 23.2, 83.0, 1.0], [9, 2, 0, 1, 32.0, 6.0, 22.9, 86.0, 3.0], [10, 2, 1, 1, 8.0, 2.0, 22.2, 89.0, 0.0], [11, 1, 1, 0, 8.0, 2.0, 22.2, 89.0, 0], [12, 1, 1, 0, 8.0, 2.0, 22.2, 89.0, 0], [13, 1, 1, 0, 8.0, 2.0, 22.2, 89.0, 0]
[1, 1, 0, 0, 64.0, 12.0, 22.75, 83.5, 0], [2, 2, 0, 1, 8.0, 2.0, 23.5, 80.0, 2.0], [3, 2, 0, 1, 8.0, 2.0, 23.5, 80.0, 2.0], [4, 2, 0, 1, 8.0, 2.0, 23.5, 80.0, 2.0], [5, 2, 0, 1, 8.0, 2.0, 23.5, 80.0, 2.0], [6, 2, 0, 1, 24.0, 5.0, 23.2, 83.0, 5.0], [7, 2, 0, 1, 12.0, 2.0, 23.099999999999998, 84.0, 2.0], [8, 2, 0, 1, 12.0, 2.0, 22.9, 86.0, 2.0], [9, 2, 0, 1, 16.0, 3.0, 22.9, 86.0, 3.0], [10, 1, 1, 0, 16.0, 4.0, 22.2, 89.0, 0], [11, 2, 1, 1, 16.0, 4.0, 22.2, 89.0, 0.0]
[1, 1, 0, 0, 8.0, 2.0, 22.5, 85.0, 0], [2, 2, 0, 1, 8.0, 2.0, 22.5, 85.0, 1.0], [3, 2, 0, 1, 48.0, 9.0, 22.833333333333332, 83.0, 4.0], [4, 2, 0, 1, 24.0, 5.0, 23.5, 80.0, 3.0], [5, 2, 0, 1, 40.0, 7.0, 23.259999999999998, 82.4, 6.0], [6, 2, 0, 1, 16.0, 3.0, 22.9, 86.0, 3.0], [7, 2, 0, 1, 16.0, 4.0, 22.9, 86.0, 3.0], [8, 1, 1, 0, 8.0, 2.0, 22.2, 89.0, 0], [9, 2, 1, 1, 8.0, 2.0, 22.2, 89.0, 0.0], [10, 1, 1, 0, 8.0, 2.0, 22.2, 89.0, 0.0], [11, 1, 1, 0, 8.0, 2.0, 22.2, 89.0, 0.0]
[1, 1, 0, 0, 8.0, 2.0, 22.5, 85.0, 0.0], [2, 1, 0, 0, 8.0, 2.0, 22.5, 85.0, 0.0], [3, 1, 0, 0, 16.0, 3.0, 22.5, 85.0, 0.0], [4, 2, 0, 1, 32, 6, 23.0, 82.0, 6.0], [5, 2, 0, 1, 16.0, 3.0, 23.5, 80.0, 3.0], [6, 2, 0, 1, 32.0, 6.0, 23.35, 81.5, 6.0], [7, 2, 0, 1, 8.0, 2.0, 23.2, 83.0, 1.0], [8, 2, 0, 1, 8.0, 1.0, 23.2, 83.0, 1.0], [9, 2, 0, 1, 32.0, 6.0, 22.9, 86.0, 3.0], [10, 2, 1, 1, 8.0, 2.0, 22.2, 89.0, 0.0], [11, 1, 1, 0, 8.0, 2.0, 22.2, 89.0, 0], [12, 1, 1, 0, 8.0, 2.0, 22.2, 89.0, 0], [13, 1, 1, 0, 8.0, 2.0, 22.2, 89.0, 0.0]
[1, 1, 0, 0, 8.0, 2.0, 22.5, 85.0, 0.0], [2, 1, 0, 0, 8.0, 2.0, 22.5, 85.0, 0.0], [3, 1, 0, 0, 16.0, 3.0, 22.5, 85.0, 0.0], [4, 2, 0, 1, 32, 6, 23.0, 82.0, 6.0], [5, 2, 0, 1, 16.0, 3.0, 23.5, 80.0, 3.0], [6, 2, 0, 1, 32.0, 6.0, 23.35, 81.5, 6.0], [7, 2, 0, 1, 8.0, 2.0, 23.2, 83.0, 1.0], [8, 2, 0, 1, 8.0, 1.0, 23.2, 83.0, 1.0], [9, 2, 0, 1, 32.0, 6.0, 22.9, 86.0, 3.0], [10, 2, 1, 1, 8.0, 2.0, 22.2, 89.0, 0.0], [11, 1, 1, 0, 8.0, 2.0, 22.2, 89.0, 0], [12, 1, 1, 0, 16.0, 4.0, 22.2, 89.0, 0.0]
[1, 1, 0, 0, 8.0, 2.0, 22.5, 85.0, 0.0], [2, 1, 0, 0, 8.0, 2.0, 22.5, 85.0, 0.0], [3, 1, 0, 0, 16.0, 3.0, 22.5, 85.0, 0.0], [4, 2, 0, 1, 32, 6, 23.0, 82.0, 6.0], [5, 2, 0, 1, 16.0, 3.0, 23.5, 80.0, 3.0], [6, 2, 0, 1, 32.0, 6.0, 23.35, 81.5, 6.0], [7, 2, 0, 1, 8.0, 2.0, 23.2, 83.0, 1.0], [8, 2, 0, 1, 8.0, 1.0, 23.2, 83.0, 1.0], [9, 2, 0, 1, 32.0, 6.0, 22.9, 86.0, 3.0], [10, 2, 1, 1, 8.0, 2.0, 22.2, 89.0, 0.0], [11, 1, 1, 0, 8.0, 2.0, 22.2, 89.0, 0], [12, 1, 1, 0, 8.0, 2.0, 22.2, 89.0, 0], [13, 1, 1, 0, 8.0, 2.0, 22.2, 89.0, 0]
[1, 1, 0, 0, 8.0, 2.0, 22.5, 85.0, 0.0], [2, 1, 0, 0, 8.0, 2.0, 22.5, 85.0, 0], [3, 1, 0, 0, 16.0, 3.0, 22.5, 85.0, 0.0], [4, 2, 0, 1, 32, 6, 23.0, 82.0, 6.0], [5, 2, 0, 1, 16.0, 3.0, 23.5, 80.0, 3.0], [6, 2, 0, 1, 32.0, 6.0, 23.35, 81.5, 6.0], [7, 2, 0, 1, 8.0, 2.0, 23.2, 83.0, 1.0], [8, 2, 0, 1, 8.0, 1.0, 23.2, 83.0, 1.0], [9, 2, 0, 1, 32.0, 6.0, 22.9, 86.0, 3.0], [10, 2, 1, 1, 8.0, 2.0, 22.2, 89.0, 0.0], [11, 1, 1, 0, 8.0, 2.0, 22.2, 89.0, 0], [12, 1, 1, 0, 8.0, 2.0, 22.2, 89.0, 0], [13, 1, 1, 0, 8.0, 2.0, 22.2, 89.0, 0.0]
[1, 1, 0, 0, 16.0, 4.0, 22.5, 85.0, 0.0], [2, 1, 0, 0, 16.0, 3.0, 22.5, 85.0, 0.0], [3, 2, 0, 1, 32, 6, 23.0, 82.0, 6.0], [4, 2, 0, 1, 16.0, 3.0, 23.5, 80.0, 3.0], [5, 2, 0, 1, 32.0, 6.0, 23.35, 81.5, 6.0], [6, 2, 0, 1, 8.0, 2.0, 23.2, 83.0, 1.0], [7, 2, 0, 1, 8.0, 1.0, 23.2, 83.0, 1.0], [8, 2, 0, 1, 32.0, 6.0, 22.9, 86.0, 3.0], [9, 2, 1, 1, 8.0, 2.0, 22.2, 89.0, 0.0], [10, 1, 1, 0, 8.0, 2.0, 22.2, 89.0, 0], [11, 1, 1, 0, 16.0, 4.0, 22.2, 89.0, 0.0]
[1, 1, 0, 0, 8.0, 2.0, 22.5, 85.0, 0], [2, 2, 0, 1, 8.0, 2.0, 22.5, 85.0, 1.0], [3, 2, 0, 1, 48.0, 9.0, 22.833333333333332, 83.0, 4.0], [4, 2, 0, 1, 24.0, 5.0, 23.5, 80.0, 3.0], [5, 2, 0, 1, 40.0, 7.0, 23.259999999999998, 82.4, 6.0], [6, 2, 0, 1, 16.0, 3.0, 22.9, 86.0, 3.0], [7, 2, 0, 1, 16.0, 4.0, 22.9, 86.0, 3.0], [8, 1, 1, 0, 8.0, 2.0, 22.2, 89.0, 0], [9, 2, 1, 1, 8.0, 2.0, 22.2, 89.0, 0.0], [10, 1, 1, 0, 8.0, 2.0, 22.2, 89.0, 0.0], [11, 1, 1, 0, 8.0, 2.0, 22.2, 89.0, 0.0]
[1, 1, 0, 0, 8.0, 2.0, 22.5, 85.0, 0.0], [2, 1, 0, 0, 8.0, 2.0, 22.5, 85.0, 0.0], [3, 1, 0, 0, 16.0, 3.0, 22.5, 85.0, 0.0], [4, 2, 0, 1, 32, 6, 23.0, 82.0, 6.0], [5, 2, 0, 1, 16.0, 3.0, 23.5, 80.0, 3.0], [6, 2, 0, 1, 32.0, 6.0, 23.35, 81.5, 6.0], [7, 2, 0, 1, 8.0, 2.0, 23.2, 83.0, 1.0], [8, 2, 0, 1, 8.0, 1.0, 23.2, 83.0, 1.0], [9, 2, 0, 1, 32.0, 6.0, 22.9, 86.0, 3.0], [10, 2, 1, 1, 8.0, 2.0, 22.2, 89.0, 0.0], [11, 1, 1, 0, 8.0, 2.0, 22.2, 89.0, 0], [12, 1, 1, 0, 8.0, 2.0, 22.2, 89.0, 0], [13, 1, 1, 0, 8.0, 2.0, 22.2, 89.0, 0]
[1, 1, 0, 0, 16.0, 4.0, 22.5, 85.0, 0.0], [2, 1, 0, 0, 8.0, 2.0, 22.5, 85.0, 0.0], [3, 1, 0, 0, 8.0, 1.0, 22.5, 85.0, 0.0], [4, 2, 0, 1, 32, 6, 23.0, 82.0, 6.0], [5, 2, 0, 1, 16.0, 3.0, 23.5, 80.0, 3.0], [6, 2, 0, 1, 32.0, 6.0, 23.35, 81.5, 6.0], [7, 2, 0, 1, 8.0, 2.0, 23.2, 83.0, 1.0], [8, 2, 0, 1, 8.0, 1.0, 23.2, 83.0, 1.0], [9, 2, 0, 1, 32.0, 6.0, 22.9, 86.0, 3.0], [10, 2, 1, 1, 8.0, 2.0, 22.2, 89.0, 0.0], [11, 1, 1, 0, 8.0, 2.0, 22.2, 89.0, 0], [12, 1, 1, 0, 8.0, 2.0, 22.2, 89.0, 0], [13, 1, 1, 0, 8.0, 2.0, 22.2, 89.0, 0]
[1, 1, 0, 0, 16.0, 3.0, 22.5, 85.0, 0.0], [2, 1, 0, 0, 16.0, 4.0, 22.5, 85.0, 0.0], [3, 2, 0, 1, 32.0, 6.0, 23.0, 82.0, 6.0], [4, 2, 0, 1, 8.0, 2.0, 23.5, 80.0, 2.0], [5, 2, 0, 1, 8.0, 2.0, 23.5, 80.0, 2.0], [6, 2, 0, 1, 16.0, 4.0, 23.5, 80.0, 3.0], [7, 2, 0, 1, 24.0, 5.0, 23.2, 83.0, 4.0], [8, 2, 0, 1, 40.0, 8.0, 22.96, 85.4, 3.0], [9, 2, 1, 1, 16.0, 4.0, 22.2, 89.0, 0.0], [10, 2, 1, 1, 8.0, 2.0, 22.2, 89.0, 0.0], [11, 2, 1, 1, 8.0, 2.0, 22.2, 89.0, 0.0]
[1, 1, 0, 0, 8.0, 2.0, 22.5, 85.0, 0.0], [2, 1, 0, 0, 8.0, 2.0, 22.5, 85.0, 0.0], [3, 1, 0, 0, 16.0, 3.0, 22.5, 85.0, 0.0], [4, 2, 0, 1, 32, 6, 23.0, 82.0, 6], [5, 2, 0, 1, 16.0, 3.0, 23.5, 80.0, 3.0], [6, 2, 0, 1, 32.0, 6.0, 23.35, 81.5, 6.0], [7, 2, 0, 1, 8.0, 2.0, 23.2, 83.0, 2.0], [8, 1, 0, 0, 8.0, 1.0, 23.2, 83.0, 0], [9, 2, 0, 1, 32.0, 6.0, 22.9, 86.0, 3.0], [10, 2, 1, 1, 8.0, 2.0, 22.2, 89.0, 0.0], [11, 1, 1, 0, 8.0, 2.0, 22.2, 89.0, 0], [12, 1, 1, 0, 8.0, 2.0, 22.2, 89.0, 0], [13, 1, 1, 0, 8.0, 2.0, 22.2, 89.0, 0]
