 0.13939855 16.47      
 0.13939855 16.47      
 0.13939855 16.47      
 0.40839174 16.44      
 0.13939855 16.47      
 0.13939855 16.47      
 0.13939855 16.47      
 0.14006405 16.47      
 0.13939855 16.47      
 0.14006405 16.47      
 0.13939855 16.47      
 0.13939855 16.47      
 0.13939855 16.47      
 0.13939855 16.47      
 0.13939855 16.47      
 0.13939855 16.47      
 0.13939855 16.47      
 0.14006405 16.47      
 0.14006405 16.47      
 0.13939855 16.47      
 0.14006405 16.47      
 0.13939855 16.47      
 0.13939855 16.47      
 0.13939855 16.47      
 0.14006405 16.47      
 0.13939855 16.47      
 0.13939855 16.47      
 0.14006405 16.47      
 0.13939855 16.47      
 0.13939855 16.47      
 0.13939855 16.47      
 0.14006405 16.47      
 0.13939855 16.47      
 0.13939855 16.47      
 0.13939855 16.47      
 0.13939855 16.47      
 0.13939855 16.47      
 0.14006405 16.47      
 0.13939855 16.47      
 0.13939855 16.47      
 0.13939855 16.47      
 0.13939855 16.47      
 0.13939855 16.47      
 0.13939855 16.47      
 0.13939855 16.47      
 0.13939855 16.47      
 0.13939855 16.47      
 0.13939855 16.47      
 0.14006405 16.47      
 0.13939855 16.47      
