 0.13422676 16.35      
 0.22924695 16.29      
 0.12527755 16.36      
 0.13422676 16.35      
 0.13422676 16.35      
 0.12330773 16.4       
 0.12330773 16.4       
 0.13422676 16.35      
 0.22924695 16.29      
 0.12330773 16.4       
 0.13422676 16.35      
 0.12527755 16.36      
 0.13422676 16.35      
 0.13422676 16.35      
 0.22924695 16.29      
 0.12527755 16.36      
 0.12330773 16.4       
 0.13422676 16.35      
 0.12527755 16.36      
 0.13422676 16.35      
 0.12527755 16.36      
 0.12330773 16.4       
 0.12330773 16.4       
 0.13422676 16.35      
 0.12330773 16.4       
 0.12527755 16.36      
 0.12330773 16.4       
 0.12527755 16.36      
 0.22924695 16.29      
 0.12330773 16.4       
 0.22924695 16.29      
 0.13422676 16.35      
 0.12527755 16.36      
 0.13422676 16.35      
 0.12527755 16.36      
 0.13422676 16.35      
 0.13921528 16.31      
 0.13422676 16.35      
 0.12527755 16.36      
 0.13493979 16.35      
 0.12527755 16.36      
 0.12527755 16.36      
 0.13422676 16.35      
 0.12330773 16.4       
 0.13493979 16.35      
 0.12330773 16.4       
 0.13422676 16.35      
 0.13422676 16.35      
 0.22924695 16.29      
 0.13493979 16.35      
