 0.13303539 16.41      
 0.14232964 16.38      
 0.13303539 16.41      
 0.13303539 16.41      
 0.14232964 16.38      
 0.13303539 16.41      
 0.13303539 16.41      
 0.13303539 16.41      
 0.13303539 16.41      
 0.13303539 16.41      
 0.13303539 16.41      
 0.14232964 16.38      
 0.13303539 16.41      
 0.13303539 16.41      
 0.14232964 16.38      
 0.14232964 16.38      
 0.13303539 16.41      
 0.14232964 16.38      
 0.13303539 16.41      
 0.13303539 16.41      
 0.13303539 16.41      
 0.14232964 16.38      
 0.13303539 16.41      
 0.14232964 16.38      
 0.13303539 16.41      
 0.13303539 16.41      
 0.13303539 16.41      
 0.13303539 16.41      
 0.13303539 16.41      
 0.13303539 16.41      
 0.14232964 16.38      
 0.13303539 16.41      
 0.13303539 16.41      
 0.13303539 16.41      
 0.14232964 16.38      
 0.14232964 16.38      
 0.13303539 16.41      
 0.13303539 16.41      
 0.14232964 16.38      
 0.13303539 16.41      
 0.13303539 16.41      
 0.14232964 16.38      
 0.13303539 16.41      
 0.14232964 16.38      
 0.14232964 16.38      
 0.13303539 16.41      
 0.13303539 16.41      
 0.13303539 16.41      
 0.14232964 16.38      
 0.14232964 16.38      
