 0.14006405 16.47      
 0.13382848 16.57      
 0.13382848 16.57      
 0.14006405 16.47      
 0.13939855 16.47      
 0.13939855 16.47      
 0.13939855 16.47      
 0.13939855 16.47      
 0.13939855 16.47      
 0.13939855 16.47      
 0.13939855 16.47      
 0.13939855 16.47      
 0.13939855 16.47      
 0.13939855 16.47      
 0.13939855 16.47      
 0.13939855 16.47      
 0.13939855 16.47      
 0.13939855 16.47      
 0.13939855 16.47      
 0.13939855 16.47      
 0.13939855 16.47      
 0.13939855 16.47      
 0.13382848 16.57      
 0.13939855 16.47      
 0.13939855 16.47      
 0.13939855 16.47      
 0.13445239 16.57      
 0.13939855 16.47      
 0.13382848 16.57      
 0.14006405 16.47      
 0.13939855 16.47      
 0.14006405 16.47      
 0.13939855 16.47      
 0.14006405 16.47      
 0.13382848 16.57      
 0.13939855 16.47      
 0.13939855 16.47      
 0.13939855 16.47      
 0.13939855 16.47      
 0.13939855 16.47      
 0.13939855 16.47      
 0.13939855 16.47      
 0.13939855 16.47      
 0.13939855 16.47      
 0.13939855 16.47      
 0.13939855 16.47      
 0.13939855 16.47      
 0.13939855 16.47      
 0.13939855 16.47      
 0.14006405 16.47      
