 0.13767305 16.65      
 0.13939855 16.47      
 0.14006405 16.47      
 0.13829695 16.65      
 0.14006405 16.47      
 0.13939855 16.47      
 0.13767305 16.65      
 0.13939855 16.47      
 0.14006405 16.47      
 0.13829695 16.65      
 0.14006405 16.47      
 0.13829695 16.65      
 0.13767305 16.65      
 0.13939855 16.47      
 0.14006405 16.47      
 0.13939855 16.47      
 0.13939855 16.47      
 0.14006405 16.47      
 0.13939855 16.47      
 0.14006405 16.47      
 0.14006405 16.47      
 0.14006405 16.47      
 0.14006405 16.47      
 0.13939855 16.47      
 0.14006405 16.47      
 0.14006405 16.47      
 0.13939855 16.47      
 0.14006405 16.47      
 0.14006405 16.47      
 0.13939855 16.47      
 0.23700337 16.44      
 0.13939855 16.47      
 0.14006405 16.47      
 0.14006405 16.47      
 0.14006405 16.47      
 0.14006405 16.47      
 0.14006405 16.47      
 0.14006405 16.47      
 0.13939855 16.47      
 0.14006405 16.47      
 0.13939855 16.47      
 0.14006405 16.47      
 0.13939855 16.47      
 0.13939855 16.47      
 0.13767305 16.65      
 0.14006405 16.47      
 0.13939855 16.47      
 0.13939855 16.47      
 0.14006405 16.47      
 0.13829695 16.65      
