 0.136993 16.23    
 0.14774619 16.16      
 0.15628906 16.08      
 0.14774619 16.16      
 0.15599898 16.08      
 0.16450385 16.07      
 0.15628906 16.08      
 0.14774619 16.16      
 0.16450385 16.07      
 0.15628906 16.08      
 0.14774619 16.16      
 0.14774619 16.16      
 0.15628906 16.08      
 0.16450385 16.07      
 0.15628906 16.08      
 0.14774619 16.16      
 0.15628906 16.08      
 0.14774619 16.16      
 0.14774619 16.16      
 0.16450385 16.07      
 0.15599898 16.08      
 0.14774619 16.16      
 0.14774619 16.16      
 0.15599898 16.08      
 0.16450385 16.07      
 0.15628906 16.08      
 0.16450385 16.07      
 0.15628906 16.08      
 0.16450385 16.07      
 0.14774619 16.16      
 0.15628906 16.08      
 0.16784873 16.07      
 0.14774619 16.16      
 0.14774619 16.16      
 0.15628906 16.08      
 0.15628906 16.08      
 0.136993 16.23    
 0.14774619 16.16      
 0.16450385 16.07      
 0.16450385 16.07      
 0.15628906 16.08      
 0.15628906 16.08      
 0.14774619 16.16      
 0.16450385 16.07      
 0.136993 16.23    
 0.14774619 16.16      
 0.15628906 16.08      
 0.14774619 16.16      
 0.16450385 16.07      
 0.16450385 16.07      
