 0.40227425 16.14      
 0.40227425 16.14      
 0.40227425 16.14      
 0.136561 16.5     
 0.40227425 16.14      
 0.14950411 16.29      
 0.40227425 16.14      
 0.14139182 16.47      
 0.14080462 16.47      
 0.14080462 16.47      
 0.40227425 16.14      
 0.40227425 16.14      
 0.40227425 16.14      
 0.25046201 16.14      
 0.14080462 16.47      
 0.14080462 16.47      
 0.136561 16.5     
 0.40227425 16.14      
 0.15564454 16.17      
 0.14080462 16.47      
 0.14080462 16.47      
 0.14080462 16.47      
 0.14950411 16.29      
 0.40227425 16.14      
 0.14950411 16.29      
 0.14080462 16.47      
 0.14080462 16.47      
 0.15564454 16.17      
 0.14950411 16.29      
 0.14080462 16.47      
 0.14080462 16.47      
 0.14080462 16.47      
 0.14950411 16.29      
 0.40227425 16.14      
 0.14080462 16.47      
 0.14950411 16.29      
 0.40227425 16.14      
 0.40227425 16.14      
 0.40227425 16.14      
 0.14080462 16.47      
 0.40227425 16.14      
 0.40227425 16.14      
 0.14080462 16.47      
 0.40227425 16.14      
 0.14080462 16.47      
 0.14080462 16.47      
 0.14950411 16.29      
 0.40227425 16.14      
 0.14080462 16.47      
 0.15564454 16.17      
