 0.12527755 16.36      
 0.12527755 16.36      
 0.12527755 16.36      
 0.12527755 16.36      
 0.12527755 16.36      
 0.12527755 16.36      
 0.12527755 16.36      
 0.12527755 16.36      
 0.12527755 16.36      
 0.12527755 16.36      
 0.12330773 16.4       
 0.12527755 16.36      
 0.12527755 16.36      
 0.12527755 16.36      
 0.12527755 16.36      
 0.12527755 16.36      
 0.12527755 16.36      
 0.12527755 16.36      
 0.12527755 16.36      
 0.12527755 16.36      
 0.12527755 16.36      
 0.13417644 16.31      
 0.12527755 16.36      
 0.12527755 16.36      
 0.12527755 16.36      
 0.12527755 16.36      
 0.12527755 16.36      
 0.12527755 16.36      
 0.12527755 16.36      
 0.12527755 16.36      
 0.12527755 16.36      
 0.12527755 16.36      
 0.12527755 16.36      
 0.12527755 16.36      
 0.12527755 16.36      
 0.12527755 16.36      
 0.12527755 16.36      
 0.13417644 16.31      
 0.12527755 16.36      
 0.12527755 16.36      
 0.12527755 16.36      
 0.12527755 16.36      
 0.12330773 16.4       
 0.12527755 16.36      
 0.12527755 16.36      
 0.12527755 16.36      
 0.12527755 16.36      
 0.12527755 16.36      
 0.12527755 16.36      
 0.12527755 16.36      
