 0.13717244 17.23      
 0.13717244 17.23      
 0.13717244 17.23      
 0.13717244 17.23      
 0.14139182 16.47      
 0.13717244 17.23      
 0.14080462 16.47      
 0.14139182 16.47      
 0.13717244 17.23      
 0.14080462 16.47      
 0.14139182 16.47      
 0.13717244 17.23      
 0.13717244 17.23      
 0.14139182 16.47      
 0.14139182 16.47      
 0.13717244 17.23      
 0.13717244 17.23      
 0.13717244 17.23      
 0.13717244 17.23      
 0.15131909 16.05      
 0.13717244 17.23      
 0.14139182 16.47      
 0.13717244 17.23      
 0.13717244 17.23      
 0.15131909 16.05      
 0.13717244 17.23      
 0.13717244 17.23      
 0.13717244 17.23      
 0.13717244 17.23      
 0.13717244 17.23      
 0.14139182 16.47      
 0.13717244 17.23      
 0.13717244 17.23      
 0.13717244 17.23      
 0.13717244 17.23      
 0.14139182 16.47      
 0.14080462 16.47      
 0.14139182 16.47      
 0.13717244 17.23      
 0.14139182 16.47      
 0.13717244 17.23      
 0.15131909 16.05      
 0.13717244 17.23      
 0.13717244 17.23      
 0.14139182 16.47      
 0.13717244 17.23      
 0.14139182 16.47      
 0.14139182 16.47      
 0.14080462 16.47      
 0.13717244 17.23      
