[1, 1, 0, 0, 24.0, 5.0, 22.5, 85.0, 0], [2, 1, 0, 0, 12.0, 3.0, 22.666666666666664, 84.0, 0.0], [3, 1, 0, 0, 6.0, 1.0, 23.0, 82.0, 0.0], [4, 2, 0, 1, 22.0, 4.0, 23.0, 82.0, 3.0], [5, 2, 0, 1, 80.0, 17.0, 23.259999999999998, 82.4, 17.0], [6, 1, 0, 0, 16.0, 3.0, 22.9, 86.0, 0], [7, 2, 1, 1, 8.0, 2.0, 22.2, 89.0, 0.0], [8, 2, 1, 1, 24.0, 6.0, 22.2, 89.0, 0.0]
[1, 2, 0, 1, 64, 12, 22.75, 83.5, 5.0], [2, 2, 0, 1, 24.0, 5.0, 23.5, 80.0, 3.0], [3, 2, 0, 1, 40.0, 8.0, 23.259999999999998, 82.4, 6.0], [4, 2, 0, 1, 16.0, 3.0, 22.9, 86.0, 3.0], [5, 2, 0, 1, 16.0, 3.0, 22.9, 86.0, 3.0], [6, 1, 1, 0, 8.0, 2.0, 22.2, 89.0, 0], [7, 2, 1, 1, 8.0, 2.0, 22.2, 89.0, 0.0], [8, 1, 1, 0, 8.0, 2.0, 22.2, 89.0, 0], [9, 1, 1, 0, 8.0, 2.0, 22.2, 89.0, 0]
[1, 1, 0, 0, 24.0, 5.0, 22.5, 85.0, 0], [2, 1, 0, 0, 18.0, 4.0, 22.77777777777778, 83.33333333333334, 0.0], [3, 2, 0, 1, 22.0, 4.0, 23.0, 82.0, 3.0], [4, 2, 0, 1, 80.0, 17.0, 23.259999999999998, 82.4, 17.0], [5, 1, 0, 0, 16.0, 3.0, 22.9, 86.0, 0], [6, 2, 1, 1, 32.0, 8.0, 22.2, 89.0, 0.0]
[1, 1, 0, 0, 6.0, 2.0, 22.5, 85.0, 0.0], [2, 1, 0, 0, 6.0, 1.0, 22.5, 85.0, 0.0], [3, 1, 0, 0, 12.0, 3.0, 22.5, 85.0, 0.0], [4, 1, 0, 0, 12.0, 3.0, 22.666666666666664, 84.0, 0.0], [5, 1, 0, 0, 6.0, 1.0, 23.0, 82.0, 0.0], [6, 2, 0, 1, 22.0, 4.0, 23.0, 82.0, 3.0], [7, 2, 0, 1, 80.0, 17.0, 23.259999999999998, 82.4, 17.0], [8, 1, 0, 0, 16.0, 3.0, 22.9, 86.0, 0], [9, 2, 1, 1, 16.0, 4.0, 22.2, 89.0, 0.0], [10, 2, 1, 1, 16.0, 4.0, 22.2, 89.0, 0.0]
[1, 1, 0, 0, 24.0, 5.0, 22.5, 85.0, 0], [2, 1, 0, 0, 24.0, 5.0, 22.833333333333332, 83.0, 0.0], [3, 2, 0, 1, 16.0, 3.0, 23.0, 82.0, 3.0], [4, 2, 0, 1, 16.0, 3.0, 23.5, 80.0, 3.0], [5, 2, 0, 1, 34.0, 7.0, 23.341176470588234, 81.58823529411765, 7.0], [6, 2, 0, 1, 18.0, 4.0, 23.133333333333333, 83.66666666666667, 4.0], [7, 2, 0, 1, 28.0, 6.0, 22.9, 86.0, 3.0], [8, 2, 1, 1, 8.0, 2.0, 22.2, 89.0, 0.0], [9, 2, 1, 1, 8.0, 2.0, 22.2, 89.0, 0.0], [10, 2, 1, 1, 16.0, 4.0, 22.2, 89.0, 0.0]
[1, 1, 0, 0, 8.0, 2.0, 22.5, 85.0, 0], [2, 1, 0, 0, 8.0, 1.0, 22.5, 85.0, 0], [3, 1, 0, 0, 16.0, 4.0, 22.5, 85.0, 0.0], [4, 2, 0, 1, 32.0, 6.0, 23.0, 82.0, 6.0], [5, 2, 0, 1, 8.0, 2.0, 23.5, 80.0, 2.0], [6, 2, 0, 1, 8.0, 1.0, 23.5, 80.0, 1.0], [7, 2, 0, 1, 16.0, 3.0, 23.5, 80.0, 3.0], [8, 2, 0, 1, 32, 6, 23.2, 83.0, 5], [9, 2, 0, 1, 32.0, 6.0, 22.9, 86.0, 3.0], [10, 1, 1, 0, 8.0, 2.0, 22.2, 89.0, 0.0], [11, 1, 1, 0, 8.0, 2.0, 22.2, 89.0, 0.0], [12, 2, 1, 1, 8.0, 2.0, 22.2, 89.0, 0.0], [13, 1, 1, 0, 8.0, 2.0, 22.2, 89.0, 0]
[1, 1, 0, 0, 24.0, 5.0, 22.5, 85.0, 0], [2, 1, 0, 0, 18.0, 4.0, 22.77777777777778, 83.33333333333334, 0.0], [3, 2, 0, 1, 22.0, 4.0, 23.0, 82.0, 3.0], [4, 2, 0, 1, 80.0, 17.0, 23.259999999999998, 82.4, 17.0], [5, 1, 0, 0, 16.0, 3.0, 22.9, 86.0, 0], [6, 2, 1, 1, 8.0, 2.0, 22.2, 89.0, 0.0], [7, 2, 1, 1, 8.0, 2.0, 22.2, 89.0, 0.0], [8, 2, 1, 1, 8.0, 2.0, 22.2, 89.0, 0.0], [9, 2, 1, 1, 8.0, 2.0, 22.2, 89.0, 0.0]
[1, 1, 0, 0, 8.0, 2.0, 22.5, 85.0, 0], [2, 1, 0, 0, 8.0, 1.0, 22.5, 85.0, 0.0], [3, 1, 0, 0, 16.0, 4.0, 22.5, 85.0, 0.0], [4, 2, 0, 1, 32.0, 6.0, 23.0, 82.0, 6.0], [5, 2, 0, 1, 8.0, 2.0, 23.5, 80.0, 2.0], [6, 2, 0, 1, 8.0, 1.0, 23.5, 80.0, 1.0], [7, 2, 0, 1, 16.0, 3.0, 23.5, 80.0, 3.0], [8, 2, 0, 1, 32, 6, 23.2, 83.0, 5], [9, 2, 0, 1, 32.0, 6.0, 22.9, 86.0, 3.0], [10, 1, 1, 0, 16.0, 4.0, 22.2, 89.0, 0], [11, 2, 1, 1, 8.0, 2.0, 22.2, 89.0, 0.0], [12, 1, 1, 0, 8.0, 2.0, 22.2, 89.0, 0]
[1, 1, 0, 0, 24.0, 5.0, 22.5, 85.0, 0.0], [2, 2, 0, 1, 40.0, 8.0, 22.900000000000002, 82.60000000000001, 3.0], [3, 2, 0, 1, 16.0, 3.0, 23.5, 80.0, 3.0], [4, 2, 0, 1, 16.0, 3.0, 23.5, 80.0, 3.0], [5, 2, 0, 1, 18.0, 4.0, 23.2, 83.0, 4.0], [6, 2, 0, 1, 18.0, 4.0, 23.133333333333333, 83.66666666666667, 4.0], [7, 2, 0, 1, 28.0, 6.0, 22.9, 86.0, 3.0], [8, 2, 1, 1, 16.0, 4.0, 22.2, 89.0, 0.0], [9, 2, 1, 1, 16.0, 4.0, 22.2, 89.0, 0.0]
[1, 1, 0, 0, 8.0, 2.0, 22.5, 85.0, 0.0], [2, 1, 0, 0, 8.0, 1.0, 22.5, 85.0, 0.0], [3, 1, 0, 0, 8.0, 2.0, 22.5, 85.0, 0], [4, 1, 0, 0, 8.0, 2.0, 22.5, 85.0, 0.0], [5, 2, 0, 1, 32.0, 6.0, 23.0, 82.0, 6.0], [6, 2, 0, 1, 8.0, 2.0, 23.5, 80.0, 2.0], [7, 2, 0, 1, 8.0, 1.0, 23.5, 80.0, 1.0], [8, 2, 0, 1, 16.0, 3.0, 23.5, 80.0, 3.0], [9, 2, 0, 1, 32, 6, 23.2, 83.0, 5], [10, 2, 0, 1, 32.0, 6.0, 22.9, 86.0, 3.0], [11, 1, 1, 0, 8.0, 2.0, 22.2, 89.0, 0.0], [12, 1, 1, 0, 8.0, 2.0, 22.2, 89.0, 0], [13, 2, 1, 1, 8.0, 2.0, 22.2, 89.0, 0.0], [14, 1, 1, 0, 8.0, 2.0, 22.2, 89.0, 0]
[1, 1, 0, 0, 8.0, 2.0, 22.5, 85.0, 0.0], [2, 1, 0, 0, 8.0, 1.0, 22.5, 85.0, 0], [3, 1, 0, 0, 8.0, 2.0, 22.5, 85.0, 0.0], [4, 1, 0, 0, 8.0, 2.0, 22.5, 85.0, 0], [5, 2, 0, 1, 32.0, 6.0, 23.0, 82.0, 6.0], [6, 2, 0, 1, 8.0, 2.0, 23.5, 80.0, 2.0], [7, 2, 0, 1, 8.0, 1.0, 23.5, 80.0, 1.0], [8, 2, 0, 1, 16.0, 3.0, 23.5, 80.0, 3.0], [9, 2, 0, 1, 32, 6, 23.2, 83.0, 5], [10, 2, 0, 1, 32.0, 6.0, 22.9, 86.0, 3.0], [11, 1, 1, 0, 8.0, 2.0, 22.2, 89.0, 0.0], [12, 1, 1, 0, 8.0, 2.0, 22.2, 89.0, 0.0], [13, 2, 1, 1, 8.0, 2.0, 22.2, 89.0, 0.0], [14, 1, 1, 0, 8.0, 2.0, 22.2, 89.0, 0]
[1, 1, 0, 0, 8.0, 2.0, 22.5, 85.0, 0], [2, 1, 0, 0, 24.0, 5.0, 22.5, 85.0, 0.0], [3, 2, 0, 1, 32.0, 6.0, 23.0, 82.0, 6.0], [4, 2, 0, 1, 8.0, 2.0, 23.5, 80.0, 2.0], [5, 2, 0, 1, 8.0, 1.0, 23.5, 80.0, 1.0], [6, 2, 0, 1, 16.0, 3.0, 23.5, 80.0, 3.0], [7, 2, 0, 1, 32, 6, 23.2, 83.0, 5], [8, 2, 0, 1, 32.0, 6.0, 22.9, 86.0, 3.0], [9, 1, 1, 0, 8.0, 2.0, 22.2, 89.0, 0.0], [10, 1, 1, 0, 8.0, 2.0, 22.2, 89.0, 0.0], [11, 2, 1, 1, 8.0, 2.0, 22.2, 89.0, 0.0], [12, 1, 1, 0, 8.0, 2.0, 22.2, 89.0, 0]
[1, 1, 0, 0, 24.0, 5.0, 22.5, 85.0, 0.0], [2, 1, 0, 0, 24.0, 5.0, 22.833333333333332, 83.0, 0], [3, 2, 0, 1, 16.0, 3.0, 23.0, 82.0, 3.0], [4, 2, 0, 1, 16.0, 3.0, 23.5, 80.0, 3.0], [5, 2, 0, 1, 34.0, 7.0, 23.341176470588234, 81.58823529411765, 7.0], [6, 2, 0, 1, 18.0, 4.0, 23.133333333333333, 83.66666666666667, 4.0], [7, 2, 0, 1, 28.0, 6.0, 22.9, 86.0, 3.0], [8, 2, 1, 1, 16.0, 4.0, 22.2, 89.0, 0.0], [9, 2, 1, 1, 16.0, 4.0, 22.2, 89.0, 0.0]
[1, 1, 0, 0, 8.0, 2.0, 22.5, 85.0, 0.0], [2, 1, 0, 0, 8.0, 1.0, 22.5, 85.0, 0.0], [3, 1, 0, 0, 8.0, 2.0, 22.5, 85.0, 0], [4, 1, 0, 0, 8.0, 2.0, 22.5, 85.0, 0.0], [5, 2, 0, 1, 32.0, 6.0, 23.0, 82.0, 6.0], [6, 2, 0, 1, 16.0, 3.0, 23.5, 80.0, 3.0], [7, 2, 0, 1, 16.0, 3.0, 23.5, 80.0, 3.0], [8, 2, 0, 1, 32, 6, 23.2, 83.0, 5], [9, 2, 0, 1, 32.0, 6.0, 22.9, 86.0, 3.0], [10, 1, 1, 0, 8.0, 2.0, 22.2, 89.0, 0.0], [11, 1, 1, 0, 8.0, 2.0, 22.2, 89.0, 0.0], [12, 2, 1, 1, 8.0, 2.0, 22.2, 89.0, 0.0], [13, 1, 1, 0, 8.0, 2.0, 22.2, 89.0, 0]
[1, 1, 0, 0, 24.0, 5.0, 22.5, 85.0, 0], [2, 1, 0, 0, 12.0, 3.0, 22.666666666666664, 84.0, 0.0], [3, 1, 0, 0, 6.0, 1.0, 23.0, 82.0, 0.0], [4, 2, 0, 1, 22.0, 4.0, 23.0, 82.0, 3.0], [5, 2, 0, 1, 80.0, 17.0, 23.259999999999998, 82.4, 17.0], [6, 1, 0, 0, 16.0, 3.0, 22.9, 86.0, 0], [7, 2, 1, 1, 8.0, 2.0, 22.2, 89.0, 0.0], [8, 2, 1, 1, 8.0, 2.0, 22.2, 89.0, 0.0], [9, 2, 1, 1, 8.0, 2.0, 22.2, 89.0, 0.0], [10, 2, 1, 1, 8.0, 2.0, 22.2, 89.0, 0.0]
[1, 1, 0, 0, 8.0, 2.0, 22.5, 85.0, 0.0], [2, 1, 0, 0, 8.0, 1.0, 22.5, 85.0, 0], [3, 1, 0, 0, 8.0, 2.0, 22.5, 85.0, 0.0], [4, 1, 0, 0, 8.0, 2.0, 22.5, 85.0, 0], [5, 2, 0, 1, 32.0, 6.0, 23.0, 82.0, 6.0], [6, 2, 0, 1, 8.0, 2.0, 23.5, 80.0, 2.0], [7, 2, 0, 1, 8.0, 1.0, 23.5, 80.0, 1.0], [8, 2, 0, 1, 16.0, 3.0, 23.5, 80.0, 3.0], [9, 2, 0, 1, 32, 6, 23.2, 83.0, 5], [10, 2, 0, 1, 32.0, 6.0, 22.9, 86.0, 3.0], [11, 1, 1, 0, 8.0, 2.0, 22.2, 89.0, 0.0], [12, 1, 1, 0, 8.0, 2.0, 22.2, 89.0, 0.0], [13, 2, 1, 1, 8.0, 2.0, 22.2, 89.0, 0.0], [14, 1, 1, 0, 8.0, 2.0, 22.2, 89.0, 0]
[1, 1, 0, 0, 24.0, 6.0, 22.5, 85.0, 0.0], [2, 1, 0, 0, 12.0, 3.0, 22.666666666666664, 84.0, 0.0], [3, 1, 0, 0, 6.0, 1.0, 23.0, 82.0, 0.0], [4, 2, 0, 1, 22.0, 4.0, 23.0, 82.0, 3.0], [5, 2, 0, 1, 80.0, 17.0, 23.259999999999998, 82.4, 17.0], [6, 1, 0, 0, 16.0, 3.0, 22.9, 86.0, 0], [7, 2, 1, 1, 16.0, 4.0, 22.2, 89.0, 0.0], [8, 2, 1, 1, 16.0, 4.0, 22.2, 89.0, 0.0]
[1, 1, 0, 0, 12.0, 3.0, 22.5, 85.0, 0.0], [2, 1, 0, 0, 12.0, 3.0, 22.5, 85.0, 0.0], [3, 1, 0, 0, 12.0, 3.0, 22.666666666666664, 84.0, 0.0], [4, 1, 0, 0, 6.0, 1.0, 23.0, 82.0, 0.0], [5, 2, 0, 1, 22.0, 4.0, 23.0, 82.0, 3.0], [6, 2, 0, 1, 80.0, 17.0, 23.259999999999998, 82.4, 17.0], [7, 1, 0, 0, 16.0, 3.0, 22.9, 86.0, 0], [8, 2, 1, 1, 16.0, 4.0, 22.2, 89.0, 0.0], [9, 2, 1, 1, 16.0, 4.0, 22.2, 89.0, 0.0]
[1, 1, 0, 0, 24.0, 5.0, 22.5, 85.0, 0], [2, 1, 0, 0, 12.0, 3.0, 22.666666666666664, 84.0, 0.0], [3, 1, 0, 0, 6.0, 1.0, 23.0, 82.0, 0.0], [4, 2, 0, 1, 22.0, 4.0, 23.0, 82.0, 3.0], [5, 2, 0, 1, 80.0, 17.0, 23.259999999999998, 82.4, 17.0], [6, 1, 0, 0, 16.0, 3.0, 22.9, 86.0, 0], [7, 2, 1, 1, 8.0, 2.0, 22.2, 89.0, 0.0], [8, 2, 1, 1, 24.0, 6.0, 22.2, 89.0, 0.0]
[1, 1, 0, 0, 24.0, 5.0, 22.5, 85.0, 0], [2, 1, 0, 0, 12.0, 3.0, 22.666666666666664, 84.0, 0.0], [3, 1, 0, 0, 6.0, 1.0, 23.0, 82.0, 0.0], [4, 2, 0, 1, 22.0, 4.0, 23.0, 82.0, 3.0], [5, 2, 0, 1, 80.0, 17.0, 23.259999999999998, 82.4, 17.0], [6, 1, 0, 0, 16.0, 3.0, 22.9, 86.0, 0], [7, 2, 1, 1, 8.0, 2.0, 22.2, 89.0, 0.0], [8, 2, 1, 1, 24.0, 6.0, 22.2, 89.0, 0.0]
[1, 1, 0, 0, 24.0, 5.0, 22.5, 85.0, 0], [2, 1, 0, 0, 12.0, 3.0, 22.666666666666664, 84.0, 0.0], [3, 1, 0, 0, 6.0, 1.0, 23.0, 82.0, 0.0], [4, 2, 0, 1, 22.0, 4.0, 23.0, 82.0, 3.0], [5, 2, 0, 1, 80.0, 17.0, 23.259999999999998, 82.4, 17.0], [6, 1, 0, 0, 16.0, 3.0, 22.9, 86.0, 0], [7, 2, 1, 1, 8.0, 2.0, 22.2, 89.0, 0.0], [8, 2, 1, 1, 8.0, 2.0, 22.2, 89.0, 0.0], [9, 2, 1, 1, 8.0, 2.0, 22.2, 89.0, 0.0], [10, 2, 1, 1, 8.0, 2.0, 22.2, 89.0, 0.0]
[1, 1, 0, 0, 24.0, 5.0, 22.5, 85.0, 0], [2, 1, 0, 0, 24.0, 5.0, 22.833333333333332, 83.0, 0.0], [3, 2, 0, 1, 16.0, 3.0, 23.0, 82.0, 3.0], [4, 2, 0, 1, 16.0, 3.0, 23.5, 80.0, 3.0], [5, 2, 0, 1, 34.0, 7.0, 23.341176470588234, 81.58823529411765, 7.0], [6, 2, 0, 1, 18.0, 4.0, 23.133333333333333, 83.66666666666667, 4.0], [7, 2, 0, 1, 28.0, 6.0, 22.9, 86.0, 3.0], [8, 2, 1, 1, 16.0, 4.0, 22.2, 89.0, 0.0], [9, 2, 1, 1, 16.0, 4.0, 22.2, 89.0, 0.0]
[1, 1, 0, 0, 8.0, 2.0, 22.5, 85.0, 0], [2, 1, 0, 0, 8.0, 1.0, 22.5, 85.0, 0.0], [3, 1, 0, 0, 16.0, 4.0, 22.5, 85.0, 0.0], [4, 2, 0, 1, 32.0, 6.0, 23.0, 82.0, 6.0], [5, 2, 0, 1, 8.0, 2.0, 23.5, 80.0, 2.0], [6, 2, 0, 1, 8.0, 1.0, 23.5, 80.0, 1.0], [7, 2, 0, 1, 16.0, 3.0, 23.5, 80.0, 3.0], [8, 2, 0, 1, 32, 6, 23.2, 83.0, 5], [9, 2, 0, 1, 32.0, 6.0, 22.9, 86.0, 3.0], [10, 1, 1, 0, 16.0, 4.0, 22.2, 89.0, 0], [11, 2, 1, 1, 8.0, 2.0, 22.2, 89.0, 0.0], [12, 1, 1, 0, 8.0, 2.0, 22.2, 89.0, 0]
[1, 1, 0, 0, 24.0, 5.0, 22.5, 85.0, 0.0], [2, 1, 0, 0, 24.0, 5.0, 22.833333333333332, 83.0, 0.0], [3, 2, 0, 1, 16.0, 3.0, 23.0, 82.0, 3.0], [4, 2, 0, 1, 16.0, 3.0, 23.5, 80.0, 3.0], [5, 2, 0, 1, 16.0, 3.0, 23.5, 80.0, 3.0], [6, 2, 0, 1, 18.0, 4.0, 23.2, 83.0, 4.0], [7, 2, 0, 1, 18.0, 4.0, 23.133333333333333, 83.66666666666667, 4.0], [8, 2, 0, 1, 28.0, 6.0, 22.9, 86.0, 3.0], [9, 2, 1, 1, 32.0, 8.0, 22.2, 89.0, 0.0]
[1, 1, 0, 0, 8.0, 2.0, 22.5, 85.0, 0.0], [2, 1, 0, 0, 8.0, 1.0, 22.5, 85.0, 0.0], [3, 1, 0, 0, 8.0, 2.0, 22.5, 85.0, 0.0], [4, 1, 0, 0, 8.0, 2.0, 22.5, 85.0, 0.0], [5, 2, 0, 1, 32.0, 6.0, 23.0, 82.0, 6.0], [6, 2, 0, 1, 16.0, 3.0, 23.5, 80.0, 3.0], [7, 2, 0, 1, 16.0, 3.0, 23.5, 80.0, 3.0], [8, 2, 0, 1, 32, 6, 23.2, 83.0, 5], [9, 2, 0, 1, 32.0, 6.0, 22.9, 86.0, 3.0], [10, 1, 1, 0, 8.0, 2.0, 22.2, 89.0, 0.0], [11, 1, 1, 0, 8.0, 2.0, 22.2, 89.0, 0.0], [12, 2, 1, 1, 8.0, 2.0, 22.2, 89.0, 0.0], [13, 1, 1, 0, 8.0, 2.0, 22.2, 89.0, 0]
[1, 1, 0, 0, 12.0, 3.0, 22.5, 85.0, 0.0], [2, 1, 0, 0, 12.0, 2.0, 22.5, 85.0, 0.0], [3, 1, 0, 0, 12.0, 3.0, 22.666666666666664, 84.0, 0.0], [4, 1, 0, 0, 12.0, 3.0, 23.0, 82.0, 0.0], [5, 2, 0, 1, 16.0, 3.0, 23.0, 82.0, 3.0], [6, 2, 0, 1, 16.0, 3.0, 23.5, 80.0, 3.0], [7, 2, 0, 1, 16.0, 3.0, 23.5, 80.0, 3.0], [8, 2, 0, 1, 18.0, 4.0, 23.2, 83.0, 4.0], [9, 2, 0, 1, 18.0, 4.0, 23.133333333333333, 83.66666666666667, 4.0], [10, 2, 0, 1, 28.0, 6.0, 22.9, 86.0, 3.0], [11, 2, 1, 1, 16.0, 4.0, 22.2, 89.0, 0.0], [12, 2, 1, 1, 8.0, 2.0, 22.2, 89.0, 0.0], [13, 2, 1, 1, 8.0, 2.0, 22.2, 89.0, 0.0]
[1, 2, 0, 1, 64, 12, 22.75, 83.5, 5.0], [2, 2, 0, 1, 24.0, 5.0, 23.5, 80.0, 3.0], [3, 2, 0, 1, 40.0, 8.0, 23.259999999999998, 82.4, 6.0], [4, 2, 0, 1, 16.0, 3.0, 22.9, 86.0, 3.0], [5, 2, 0, 1, 16.0, 3.0, 22.9, 86.0, 3.0], [6, 1, 1, 0, 8.0, 2.0, 22.2, 89.0, 0], [7, 2, 1, 1, 8.0, 2.0, 22.2, 89.0, 0.0], [8, 1, 1, 0, 8.0, 2.0, 22.2, 89.0, 0], [9, 1, 1, 0, 8.0, 2.0, 22.2, 89.0, 0.0]
[1, 1, 0, 0, 8.0, 2.0, 22.5, 85.0, 0], [2, 1, 0, 0, 8.0, 1.0, 22.5, 85.0, 0], [3, 1, 0, 0, 16.0, 4.0, 22.5, 85.0, 0], [4, 2, 0, 1, 32.0, 6.0, 23.0, 82.0, 6.0], [5, 2, 0, 1, 8.0, 2.0, 23.5, 80.0, 2.0], [6, 2, 0, 1, 8.0, 1.0, 23.5, 80.0, 1.0], [7, 2, 0, 1, 16.0, 3.0, 23.5, 80.0, 3.0], [8, 2, 0, 1, 32, 6, 23.2, 83.0, 5], [9, 2, 0, 1, 32.0, 6.0, 22.9, 86.0, 3.0], [10, 1, 1, 0, 8.0, 2.0, 22.2, 89.0, 0.0], [11, 1, 1, 0, 8.0, 2.0, 22.2, 89.0, 0.0], [12, 2, 1, 1, 8.0, 2.0, 22.2, 89.0, 0.0], [13, 1, 1, 0, 8.0, 2.0, 22.2, 89.0, 0]
[1, 2, 0, 1, 64, 12, 22.75, 83.5, 5.0], [2, 2, 0, 1, 24.0, 5.0, 23.5, 80.0, 3.0], [3, 2, 0, 1, 40.0, 8.0, 23.259999999999998, 82.4, 6.0], [4, 2, 0, 1, 16.0, 3.0, 22.9, 86.0, 3.0], [5, 2, 0, 1, 16.0, 3.0, 22.9, 86.0, 3.0], [6, 1, 1, 0, 8.0, 2.0, 22.2, 89.0, 0], [7, 2, 1, 1, 8.0, 2.0, 22.2, 89.0, 0.0], [8, 1, 1, 0, 8.0, 2.0, 22.2, 89.0, 0.0], [9, 1, 1, 0, 8.0, 2.0, 22.2, 89.0, 0.0]
[1, 1, 0, 0, 8.0, 2.0, 22.5, 85.0, 0], [2, 1, 0, 0, 8.0, 1.0, 22.5, 85.0, 0.0], [3, 1, 0, 0, 16.0, 4.0, 22.5, 85.0, 0.0], [4, 2, 0, 1, 32.0, 6.0, 23.0, 82.0, 6.0], [5, 2, 0, 1, 8.0, 2.0, 23.5, 80.0, 2.0], [6, 2, 0, 1, 8.0, 1.0, 23.5, 80.0, 1.0], [7, 2, 0, 1, 16.0, 3.0, 23.5, 80.0, 3.0], [8, 2, 0, 1, 32, 6, 23.2, 83.0, 5], [9, 2, 0, 1, 32.0, 6.0, 22.9, 86.0, 3.0], [10, 1, 1, 0, 16.0, 4.0, 22.2, 89.0, 0], [11, 2, 1, 1, 8.0, 2.0, 22.2, 89.0, 0.0], [12, 1, 1, 0, 8.0, 2.0, 22.2, 89.0, 0]
[1, 1, 0, 0, 8.0, 2.0, 22.5, 85.0, 0], [2, 1, 0, 0, 8.0, 1.0, 22.5, 85.0, 0], [3, 1, 0, 0, 16.0, 4.0, 22.5, 85.0, 0.0], [4, 2, 0, 1, 32.0, 6.0, 23.0, 82.0, 6.0], [5, 2, 0, 1, 8.0, 2.0, 23.5, 80.0, 2.0], [6, 2, 0, 1, 8.0, 1.0, 23.5, 80.0, 1.0], [7, 2, 0, 1, 16.0, 3.0, 23.5, 80.0, 3.0], [8, 2, 0, 1, 32, 6, 23.2, 83.0, 5], [9, 2, 0, 1, 32.0, 6.0, 22.9, 86.0, 3.0], [10, 1, 1, 0, 8.0, 2.0, 22.2, 89.0, 0.0], [11, 1, 1, 0, 8.0, 2.0, 22.2, 89.0, 0.0], [12, 2, 1, 1, 8.0, 2.0, 22.2, 89.0, 0.0], [13, 1, 1, 0, 8.0, 2.0, 22.2, 89.0, 0]
[1, 2, 0, 1, 64, 12, 22.75, 83.5, 5.0], [2, 2, 0, 1, 24.0, 5.0, 23.5, 80.0, 3.0], [3, 2, 0, 1, 40.0, 8.0, 23.259999999999998, 82.4, 6.0], [4, 2, 0, 1, 16.0, 3.0, 22.9, 86.0, 3.0], [5, 2, 0, 1, 16.0, 3.0, 22.9, 86.0, 3.0], [6, 1, 1, 0, 8.0, 2.0, 22.2, 89.0, 0], [7, 2, 1, 1, 8.0, 2.0, 22.2, 89.0, 0.0], [8, 1, 1, 0, 8.0, 2.0, 22.2, 89.0, 0.0], [9, 1, 1, 0, 8.0, 2.0, 22.2, 89.0, 0.0]
[1, 1, 0, 0, 24.0, 5.0, 22.5, 85.0, 0], [2, 1, 0, 0, 12.0, 3.0, 22.666666666666664, 84.0, 0], [3, 1, 0, 0, 6.0, 1.0, 23.0, 82.0, 0.0], [4, 2, 0, 1, 22.0, 4.0, 23.0, 82.0, 3.0], [5, 2, 0, 1, 80.0, 17.0, 23.259999999999998, 82.4, 17.0], [6, 1, 0, 0, 16.0, 3.0, 22.9, 86.0, 0], [7, 2, 1, 1, 8.0, 2.0, 22.2, 89.0, 0.0], [8, 2, 1, 1, 8.0, 2.0, 22.2, 89.0, 0.0], [9, 2, 1, 1, 8.0, 2.0, 22.2, 89.0, 0.0], [10, 2, 1, 1, 8.0, 2.0, 22.2, 89.0, 0.0]
[1, 1, 0, 0, 8.0, 2.0, 22.5, 85.0, 0.0], [2, 1, 0, 0, 8.0, 1.0, 22.5, 85.0, 0], [3, 1, 0, 0, 8.0, 2.0, 22.5, 85.0, 0.0], [4, 1, 0, 0, 8.0, 2.0, 22.5, 85.0, 0.0], [5, 2, 0, 1, 32.0, 6.0, 23.0, 82.0, 6.0], [6, 2, 0, 1, 16.0, 3.0, 23.5, 80.0, 3.0], [7, 2, 0, 1, 16.0, 3.0, 23.5, 80.0, 3.0], [8, 2, 0, 1, 32, 6, 23.2, 83.0, 5], [9, 2, 0, 1, 32.0, 6.0, 22.9, 86.0, 3.0], [10, 1, 1, 0, 8.0, 2.0, 22.2, 89.0, 0.0], [11, 1, 1, 0, 8.0, 2.0, 22.2, 89.0, 0.0], [12, 2, 1, 1, 8.0, 2.0, 22.2, 89.0, 0.0], [13, 1, 1, 0, 8.0, 2.0, 22.2, 89.0, 0]
[1, 1, 0, 0, 12.0, 3.0, 22.5, 85.0, 0.0], [2, 1, 0, 0, 6.0, 2.0, 22.5, 85.0, 0.0], [3, 1, 0, 0, 6.0, 1.0, 22.5, 85.0, 0.0], [4, 1, 0, 0, 12.0, 3.0, 22.666666666666664, 84.0, 0.0], [5, 1, 0, 0, 6.0, 1.0, 23.0, 82.0, 0.0], [6, 2, 0, 1, 22.0, 4.0, 23.0, 82.0, 3.0], [7, 2, 0, 1, 80.0, 17.0, 23.259999999999998, 82.4, 17.0], [8, 1, 0, 0, 16.0, 3.0, 22.9, 86.0, 0], [9, 2, 1, 1, 8.0, 2.0, 22.2, 89.0, 0.0], [10, 2, 1, 1, 8.0, 2.0, 22.2, 89.0, 0.0], [11, 2, 1, 1, 8.0, 2.0, 22.2, 89.0, 0.0], [12, 2, 1, 1, 8.0, 2.0, 22.2, 89.0, 0.0]
[1, 1, 0, 0, 8.0, 2.0, 22.5, 85.0, 0], [2, 1, 0, 0, 8.0, 1.0, 22.5, 85.0, 0.0], [3, 1, 0, 0, 16.0, 4.0, 22.5, 85.0, 0.0], [4, 2, 0, 1, 32.0, 6.0, 23.0, 82.0, 6.0], [5, 2, 0, 1, 8.0, 2.0, 23.5, 80.0, 2.0], [6, 2, 0, 1, 8.0, 1.0, 23.5, 80.0, 1.0], [7, 2, 0, 1, 16.0, 3.0, 23.5, 80.0, 3.0], [8, 2, 0, 1, 32, 6, 23.2, 83.0, 5], [9, 2, 0, 1, 32.0, 6.0, 22.9, 86.0, 3.0], [10, 1, 1, 0, 16.0, 4.0, 22.2, 89.0, 0], [11, 2, 1, 1, 8.0, 2.0, 22.2, 89.0, 0.0], [12, 1, 1, 0, 8.0, 2.0, 22.2, 89.0, 0]
[1, 1, 0, 0, 24.0, 5.0, 22.5, 85.0, 0], [2, 1, 0, 0, 12.0, 3.0, 22.666666666666664, 84.0, 0.0], [3, 1, 0, 0, 6.0, 1.0, 23.0, 82.0, 0.0], [4, 2, 0, 1, 22.0, 4.0, 23.0, 82.0, 3.0], [5, 2, 0, 1, 80.0, 17.0, 23.259999999999998, 82.4, 17.0], [6, 1, 0, 0, 16.0, 3.0, 22.9, 86.0, 0], [7, 2, 1, 1, 8.0, 2.0, 22.2, 89.0, 0.0], [8, 2, 1, 1, 8.0, 2.0, 22.2, 89.0, 0.0], [9, 2, 1, 1, 8.0, 2.0, 22.2, 89.0, 0.0], [10, 2, 1, 1, 8.0, 2.0, 22.2, 89.0, 0.0]
[1, 2, 0, 1, 64, 12, 22.75, 83.5, 5.0], [2, 2, 0, 1, 24.0, 5.0, 23.5, 80.0, 3.0], [3, 2, 0, 1, 40.0, 8.0, 23.259999999999998, 82.4, 6.0], [4, 2, 0, 1, 16.0, 3.0, 22.9, 86.0, 3.0], [5, 2, 0, 1, 16.0, 3.0, 22.9, 86.0, 3.0], [6, 1, 1, 0, 8.0, 2.0, 22.2, 89.0, 0], [7, 2, 1, 1, 8.0, 2.0, 22.2, 89.0, 0.0], [8, 1, 1, 0, 16.0, 4.0, 22.2, 89.0, 0]
[1, 1, 0, 0, 24.0, 5.0, 22.5, 85.0, 0.0], [2, 1, 0, 0, 24.0, 5.0, 22.833333333333332, 83.0, 0.0], [3, 2, 0, 1, 16.0, 3.0, 23.0, 82.0, 3.0], [4, 2, 0, 1, 16.0, 3.0, 23.5, 80.0, 3.0], [5, 2, 0, 1, 16.0, 3.0, 23.5, 80.0, 3.0], [6, 2, 0, 1, 18.0, 4.0, 23.2, 83.0, 4.0], [7, 2, 0, 1, 18.0, 4.0, 23.133333333333333, 83.66666666666667, 4.0], [8, 2, 0, 1, 28.0, 6.0, 22.9, 86.0, 3.0], [9, 2, 1, 1, 16.0, 4.0, 22.2, 89.0, 0.0], [10, 2, 1, 1, 16.0, 4.0, 22.2, 89.0, 0.0]
[1, 2, 0, 1, 64, 12, 22.75, 83.5, 5.0], [2, 2, 0, 1, 24.0, 5.0, 23.5, 80.0, 3.0], [3, 2, 0, 1, 40.0, 8.0, 23.259999999999998, 82.4, 6.0], [4, 2, 0, 1, 16.0, 3.0, 22.9, 86.0, 3.0], [5, 2, 0, 1, 16.0, 3.0, 22.9, 86.0, 3.0], [6, 1, 1, 0, 8.0, 2.0, 22.2, 89.0, 0], [7, 2, 1, 1, 8.0, 2.0, 22.2, 89.0, 0.0], [8, 1, 1, 0, 8.0, 2.0, 22.2, 89.0, 0.0], [9, 1, 1, 0, 8.0, 2.0, 22.2, 89.0, 0.0]
[1, 1, 0, 0, 8.0, 2.0, 22.5, 85.0, 0.0], [2, 1, 0, 0, 8.0, 1.0, 22.5, 85.0, 0], [3, 1, 0, 0, 8.0, 2.0, 22.5, 85.0, 0.0], [4, 1, 0, 0, 8.0, 2.0, 22.5, 85.0, 0], [5, 2, 0, 1, 32.0, 6.0, 23.0, 82.0, 6.0], [6, 2, 0, 1, 8.0, 2.0, 23.5, 80.0, 2.0], [7, 2, 0, 1, 8.0, 1.0, 23.5, 80.0, 1.0], [8, 2, 0, 1, 16.0, 3.0, 23.5, 80.0, 3.0], [9, 2, 0, 1, 32, 6, 23.2, 83.0, 5], [10, 2, 0, 1, 32.0, 6.0, 22.9, 86.0, 3.0], [11, 1, 1, 0, 8.0, 2.0, 22.2, 89.0, 0.0], [12, 1, 1, 0, 8.0, 2.0, 22.2, 89.0, 0.0], [13, 2, 1, 1, 8.0, 2.0, 22.2, 89.0, 0.0], [14, 1, 1, 0, 8.0, 2.0, 22.2, 89.0, 0]
[1, 1, 0, 0, 8.0, 2.0, 22.5, 85.0, 0], [2, 1, 0, 0, 8.0, 1.0, 22.5, 85.0, 0.0], [3, 1, 0, 0, 16.0, 4.0, 22.5, 85.0, 0.0], [4, 2, 0, 1, 32.0, 6.0, 23.0, 82.0, 6.0], [5, 2, 0, 1, 8.0, 2.0, 23.5, 80.0, 2.0], [6, 2, 0, 1, 8.0, 1.0, 23.5, 80.0, 1.0], [7, 2, 0, 1, 16.0, 3.0, 23.5, 80.0, 3.0], [8, 2, 0, 1, 32, 6, 23.2, 83.0, 5], [9, 2, 0, 1, 32.0, 6.0, 22.9, 86.0, 3.0], [10, 1, 1, 0, 16.0, 4.0, 22.2, 89.0, 0], [11, 2, 1, 1, 8.0, 2.0, 22.2, 89.0, 0.0], [12, 1, 1, 0, 8.0, 2.0, 22.2, 89.0, 0]
[1, 1, 0, 0, 8.0, 2.0, 22.5, 85.0, 0], [2, 1, 0, 0, 8.0, 1.0, 22.5, 85.0, 0], [3, 1, 0, 0, 16.0, 4.0, 22.5, 85.0, 0.0], [4, 2, 0, 1, 32.0, 6.0, 23.0, 82.0, 6.0], [5, 2, 0, 1, 8.0, 2.0, 23.5, 80.0, 2.0], [6, 2, 0, 1, 8.0, 1.0, 23.5, 80.0, 1.0], [7, 2, 0, 1, 16.0, 3.0, 23.5, 80.0, 3.0], [8, 2, 0, 1, 32, 6, 23.2, 83.0, 5], [9, 2, 0, 1, 32.0, 6.0, 22.9, 86.0, 3.0], [10, 1, 1, 0, 8.0, 2.0, 22.2, 89.0, 0.0], [11, 1, 1, 0, 8.0, 2.0, 22.2, 89.0, 0.0], [12, 2, 1, 1, 8.0, 2.0, 22.2, 89.0, 0.0], [13, 1, 1, 0, 8.0, 2.0, 22.2, 89.0, 0]
[1, 2, 0, 1, 64, 12, 22.75, 83.5, 5.0], [2, 2, 0, 1, 24.0, 5.0, 23.5, 80.0, 3.0], [3, 2, 0, 1, 40.0, 8.0, 23.259999999999998, 82.4, 6.0], [4, 2, 0, 1, 16.0, 3.0, 22.9, 86.0, 3.0], [5, 2, 0, 1, 16.0, 3.0, 22.9, 86.0, 3.0], [6, 1, 1, 0, 8.0, 2.0, 22.2, 89.0, 0], [7, 2, 1, 1, 8.0, 2.0, 22.2, 89.0, 0.0], [8, 1, 1, 0, 8.0, 2.0, 22.2, 89.0, 0], [9, 1, 1, 0, 8.0, 2.0, 22.2, 89.0, 0]
[1, 1, 0, 0, 24.0, 5.0, 22.5, 85.0, 0], [2, 1, 0, 0, 12.0, 3.0, 22.666666666666664, 84.0, 0.0], [3, 1, 0, 0, 6.0, 1.0, 23.0, 82.0, 0.0], [4, 2, 0, 1, 22.0, 4.0, 23.0, 82.0, 3.0], [5, 2, 0, 1, 80.0, 17.0, 23.259999999999998, 82.4, 17.0], [6, 1, 0, 0, 16.0, 3.0, 22.9, 86.0, 0], [7, 2, 1, 1, 8.0, 2.0, 22.2, 89.0, 0.0], [8, 2, 1, 1, 8.0, 2.0, 22.2, 89.0, 0.0], [9, 2, 1, 1, 8.0, 2.0, 22.2, 89.0, 0.0], [10, 2, 1, 1, 8.0, 2.0, 22.2, 89.0, 0.0]
[1, 1, 0, 0, 24.0, 5.0, 22.5, 85.0, 0.0], [2, 1, 0, 0, 24.0, 5.0, 22.833333333333332, 83.0, 0.0], [3, 2, 0, 1, 16.0, 3.0, 23.0, 82.0, 3.0], [4, 2, 0, 1, 16.0, 3.0, 23.5, 80.0, 3.0], [5, 2, 0, 1, 16.0, 3.0, 23.5, 80.0, 3.0], [6, 2, 0, 1, 18.0, 4.0, 23.2, 83.0, 4.0], [7, 2, 0, 1, 18.0, 4.0, 23.133333333333333, 83.66666666666667, 4.0], [8, 2, 0, 1, 28.0, 6.0, 22.9, 86.0, 3.0], [9, 2, 1, 1, 32.0, 8.0, 22.2, 89.0, 0.0]
[1, 2, 0, 1, 64, 12, 22.75, 83.5, 5.0], [2, 2, 0, 1, 24.0, 5.0, 23.5, 80.0, 3.0], [3, 2, 0, 1, 40.0, 8.0, 23.259999999999998, 82.4, 6.0], [4, 2, 0, 1, 16.0, 3.0, 22.9, 86.0, 3.0], [5, 2, 0, 1, 16.0, 3.0, 22.9, 86.0, 3.0], [6, 1, 1, 0, 8.0, 2.0, 22.2, 89.0, 0], [7, 2, 1, 1, 8.0, 2.0, 22.2, 89.0, 0.0], [8, 1, 1, 0, 16.0, 4.0, 22.2, 89.0, 0.0]
[1, 2, 0, 1, 64, 12, 22.75, 83.5, 5.0], [2, 2, 0, 1, 24.0, 5.0, 23.5, 80.0, 3.0], [3, 2, 0, 1, 40.0, 8.0, 23.259999999999998, 82.4, 6.0], [4, 2, 0, 1, 16.0, 3.0, 22.9, 86.0, 3.0], [5, 2, 0, 1, 16.0, 3.0, 22.9, 86.0, 3.0], [6, 1, 1, 0, 8.0, 2.0, 22.2, 89.0, 0], [7, 2, 1, 1, 8.0, 2.0, 22.2, 89.0, 0.0], [8, 1, 1, 0, 16.0, 4.0, 22.2, 89.0, 0.0]
[1, 2, 0, 1, 64, 12, 22.75, 83.5, 5.0], [2, 2, 0, 1, 24.0, 5.0, 23.5, 80.0, 3.0], [3, 2, 0, 1, 40.0, 8.0, 23.259999999999998, 82.4, 6.0], [4, 2, 0, 1, 16.0, 3.0, 22.9, 86.0, 3.0], [5, 2, 0, 1, 16.0, 3.0, 22.9, 86.0, 3.0], [6, 1, 1, 0, 8.0, 2.0, 22.2, 89.0, 0], [7, 2, 1, 1, 8.0, 2.0, 22.2, 89.0, 0.0], [8, 1, 1, 0, 8.0, 2.0, 22.2, 89.0, 0], [9, 1, 1, 0, 8.0, 2.0, 22.2, 89.0, 0]
[1, 1, 0, 0, 36.0, 8.0, 22.555555555555557, 84.66666666666667, 0.0], [2, 1, 0, 0, 6.0, 1.0, 23.0, 82.0, 0.0], [3, 2, 0, 1, 22.0, 4.0, 23.0, 82.0, 3.0], [4, 2, 0, 1, 80.0, 17.0, 23.259999999999998, 82.4, 17.0], [5, 1, 0, 0, 16.0, 3.0, 22.9, 86.0, 0], [6, 2, 1, 1, 8.0, 2.0, 22.2, 89.0, 0.0], [7, 2, 1, 1, 24.0, 6.0, 22.2, 89.0, 0.0]
