 0.1296353 16.97     
 0.1296353 16.97     
 0.1296353 16.97     
 0.1296353 16.97     
 0.1296353 16.97     
 0.1296353 16.97     
 0.1296353 16.97     
 0.1296353 16.97     
 0.14139361 16.08      
 0.1296353 16.97     
 0.1296353 16.97     
 0.1296353 16.97     
 0.1296353 16.97     
 0.1296353 16.97     
 0.13005367 16.36      
 0.1296353 16.97     
 0.1296353 16.97     
 0.1296353 16.97     
 0.1296353 16.97     
 0.1296353 16.97     
 0.1296353 16.97     
 0.1296353 16.97     
 0.1296353 16.97     
 0.1296353 16.97     
 0.1296353 16.97     
 0.1296353 16.97     
 0.1296353 16.97     
 0.1296353 16.97     
 0.1296353 16.97     
 0.1296353 16.97     
 0.1296353 16.97     
 0.1296353 16.97     
 0.14139361 16.08      
 0.1296353 16.97     
 0.1296353 16.97     
 0.1296353 16.97     
 0.1296353 16.97     
 0.1296353 16.97     
 0.1296353 16.97     
 0.1296353 16.97     
 0.1296353 16.97     
 0.1296353 16.97     
 0.1296353 16.97     
 0.1296353 16.97     
 0.1296353 16.97     
 0.1296353 16.97     
 0.1296353 16.97     
 0.1296353 16.97     
 0.1296353 16.97     
 0.1296353 16.97     
