 0.14139182 16.47      
 0.14139182 16.47      
 0.14080462 16.47      
 0.14139182 16.47      
 0.14080462 16.47      
 0.14080462 16.47      
 0.14139182 16.47      
 0.14139182 16.47      
 0.13195164 16.92      
 0.14080462 16.47      
 0.13195164 16.92      
 0.13195164 16.92      
 0.14080462 16.47      
 0.12873837 17.51      
 0.14080462 16.47      
 0.14139182 16.47      
 0.14139182 16.47      
 0.14080462 16.47      
 0.12873837 17.51      
 0.14080462 16.47      
 0.14139182 16.47      
 0.14080462 16.47      
 0.14080462 16.47      
 0.14080462 16.47      
 0.14080462 16.47      
 0.14080462 16.47      
 0.13195164 16.92      
 0.14080462 16.47      
 0.14139182 16.47      
 0.14139182 16.47      
 0.14139182 16.47      
 0.14139182 16.47      
 0.14080462 16.47      
 0.14080462 16.47      
 0.14139182 16.47      
 0.14139182 16.47      
 0.14080462 16.47      
 0.14139182 16.47      
 0.14139182 16.47      
 0.14080462 16.47      
 0.12873837 17.51      
 0.14080462 16.47      
 0.14080462 16.47      
 0.13195164 16.92      
 0.14080462 16.47      
 0.14080462 16.47      
 0.14139182 16.47      
 0.14080462 16.47      
 0.14080462 16.47      
 0.14139182 16.47      
