 0.15466397 16.05      
 0.13507045 16.44      
 0.16179923 16.04      
 0.13507045 16.44      
 0.16179923 16.04      
 0.13507045 16.44      
 0.16179923 16.04      
 0.13507045 16.44      
 0.13507045 16.44      
 0.16179923 16.04      
 0.13507045 16.44      
 0.16179923 16.04      
 0.15131909 16.05      
 0.16179923 16.04      
 0.16179923 16.04      
 0.13507045 16.44      
 0.13507045 16.44      
 0.13507045 16.44      
 0.13507045 16.44      
 0.13507045 16.44      
 0.16179923 16.04      
 0.16732921 16.03      
 0.13507045 16.44      
 0.13507045 16.44      
 0.16179923 16.04      
 0.13507045 16.44      
 0.16179923 16.04      
 0.13507045 16.44      
 0.16179923 16.04      
 0.16179923 16.04      
 0.16179923 16.04      
 0.16179923 16.04      
 0.16179923 16.04      
 0.13507045 16.44      
 0.13507045 16.44      
 0.16179923 16.04      
 0.16179923 16.04      
 0.13507045 16.44      
 0.13507045 16.44      
 0.13507045 16.44      
 0.13507045 16.44      
 0.13507045 16.44      
 0.13507045 16.44      
 0.16179923 16.04      
 0.16179923 16.04      
 0.16179923 16.04      
 0.16179923 16.04      
 0.13507045 16.44      
 0.13507045 16.44      
 0.13507045 16.44      
