 0.13974731 16.65      
 0.14080462 16.47      
 0.14080462 16.47      
 0.13974731 16.65      
 0.14080462 16.47      
 0.14080462 16.47      
 0.13974731 16.65      
 0.14080462 16.47      
 0.14080462 16.47      
 0.13919272 16.65      
 0.14080462 16.47      
 0.13919272 16.65      
 0.13974731 16.65      
 0.13974731 16.65      
 0.14139182 16.47      
 0.14080462 16.47      
 0.13974731 16.65      
 0.14080462 16.47      
 0.14139182 16.47      
 0.13919272 16.65      
 0.14080462 16.47      
 0.14139182 16.47      
 0.14080462 16.47      
 0.14080462 16.47      
 0.14080462 16.47      
 0.13919272 16.65      
 0.13974731 16.65      
 0.14080462 16.47      
 0.14080462 16.47      
 0.13974731 16.65      
 0.14080462 16.47      
 0.14080462 16.47      
 0.13974731 16.65      
 0.14080462 16.47      
 0.13974731 16.65      
 0.14080462 16.47      
 0.13919272 16.65      
 0.13919272 16.65      
 0.13919272 16.65      
 0.14080462 16.47      
 0.14080462 16.47      
 0.13919272 16.65      
 0.13919272 16.65      
 0.14080462 16.47      
 0.14139182 16.47      
 0.13919272 16.65      
 0.14080462 16.47      
 0.14080462 16.47      
 0.13974731 16.65      
 0.14080462 16.47      
