 0.13939855 16.47      
 0.14006405 16.47      
 0.13939855 16.47      
 0.13939855 16.47      
 0.14006405 16.47      
 0.13939855 16.47      
 0.14049768 16.23      
 0.14006405 16.47      
 0.14006405 16.47      
 0.13939855 16.47      
 0.14049768 16.23      
 0.13939855 16.47      
 0.13939855 16.47      
 0.13939855 16.47      
 0.14049768 16.23      
 0.14006405 16.47      
 0.13939855 16.47      
 0.14006405 16.47      
 0.14006405 16.47      
 0.14006405 16.47      
 0.13939855 16.47      
 0.13939855 16.47      
 0.13939855 16.47      
 0.14006405 16.47      
 0.13939855 16.47      
 0.13939855 16.47      
 0.13939855 16.47      
 0.13939855 16.47      
 0.13939855 16.47      
 0.13939855 16.47      
 0.13939855 16.47      
 0.14049768 16.23      
 0.13939855 16.47      
 0.31266735 16.04      
 0.13939855 16.47      
 0.31266735 16.04      
 0.13939855 16.47      
 0.14006405 16.47      
 0.13939855 16.47      
 0.14006405 16.47      
 0.13939855 16.47      
 0.13939855 16.47      
 0.14049768 16.23      
 0.14006405 16.47      
 0.13939855 16.47      
 0.13939855 16.47      
 0.13939855 16.47      
 0.14006405 16.47      
 0.13939855 16.47      
 0.14006405 16.47      
