 0.13970368 16.17      
 0.13391643 16.44      
 0.13999854 16.23      
 0.13408464 16.65      
 0.13408464 16.65      
 0.13408464 16.65      
 0.13578591 16.62      
 0.13408464 16.65      
 0.13408464 16.65      
 0.13408464 16.65      
 0.13408464 16.65      
 0.13408464 16.65      
 0.13408464 16.65      
 0.13408464 16.65      
 0.13408464 16.65      
 0.13408464 16.65      
 0.13408464 16.65      
 0.13999854 16.23      
 0.13408464 16.65      
 0.13999854 16.23      
 0.13408464 16.65      
 0.13408464 16.65      
 0.13408464 16.65      
 0.13999854 16.29      
 0.13470855 16.65      
 0.14738299 16.26      
 0.13999854 16.29      
 0.13999854 16.29      
 0.14019683 16.26      
 0.14019683 16.26      
 0.13999854 16.29      
 0.13999854 16.29      
 0.14019683 16.26      
 0.13999854 16.29      
 0.13999854 16.29      
 0.13999854 16.29      
 0.13999854 16.29      
 0.14019683 16.26      
 0.13999854 16.29      
 0.13999854 16.29      
 0.13999854 16.29      
 0.13999854 16.29      
 0.14738299 16.26      
 0.13999854 16.29      
 0.14738299 16.26      
 0.13999854 16.29      
 0.13999854 16.29      
 0.13999854 16.29      
 0.13999854 16.29      
 0.14019683 16.26      
