 0.12633437 16.97      
 0.15131909 16.05      
 0.14053344 16.66      
 0.14927027 16.51      
 0.15131909 16.05      
 0.14891375 16.51      
 0.14053344 16.66      
 0.15131909 16.05      
 0.14362723 16.65      
 0.14891375 16.51      
 0.15131909 16.05      
 0.14053344 16.66      
 0.15131909 16.05      
 0.14053344 16.66      
 0.14053344 16.66      
 0.14891375 16.51      
 0.14053344 16.66      
 0.14891375 16.51      
 0.14927027 16.51      
 0.14053344 16.66      
 0.14927027 16.51      
 0.14891375 16.51      
 0.14891375 16.51      
 0.13717244 17.23      
 0.14938911 16.51      
 0.13717244 17.23      
 0.13717244 17.23      
 0.13717244 17.23      
 0.13717244 17.23      
 0.13717244 17.23      
 0.13717244 17.23      
 0.13717244 17.23      
 0.13846865 17.2       
 0.13717244 17.23      
 0.13717244 17.23      
 0.13717244 17.23      
 0.13717244 17.23      
 0.13717244 17.23      
 0.13717244 17.23      
 0.13717244 17.23      
 0.13717244 17.23      
 0.13717244 17.23      
 0.13717244 17.23      
 0.13717244 17.23      
 0.13717244 17.23      
 0.13717244 17.23      
 0.13717244 17.23      
 0.13717244 17.23      
 0.13717244 17.23      
 0.13717244 17.23      
