 0.16100295 16.04      
 0.1283179 16.34     
 0.16100295 16.04      
 0.1283179 16.34     
 0.1283179 16.34     
 0.1283179 16.34     
 0.1283179 16.34     
 0.16100295 16.04      
 0.1283179 16.34     
 0.1283179 16.34     
 0.1299105 16.31     
 0.1283179 16.34     
 0.1283179 16.34     
 0.16100295 16.04      
 0.16100295 16.04      
 0.16100295 16.04      
 0.1283179 16.34     
 0.31951655 16.08      
 0.13645036 16.31      
 0.13645036 16.31      
 0.13645036 16.31      
 0.13645036 16.31      
 0.13645036 16.31      
 0.13645036 16.31      
 0.13645036 16.31      
 0.13645036 16.31      
 0.13645036 16.31      
 0.13645036 16.31      
 0.13645036 16.31      
 0.13645036 16.31      
 0.13645036 16.31      
 0.13645036 16.31      
 0.13645036 16.31      
 0.13645036 16.31      
 0.13645036 16.31      
 0.13645036 16.31      
 0.13645036 16.31      
 0.13645036 16.31      
 0.13645036 16.31      
 0.13645036 16.31      
 0.13645036 16.31      
 0.13645036 16.31      
 0.13645036 16.31      
 0.13645036 16.31      
 0.13645036 16.31      
 0.13645036 16.31      
 0.13645036 16.31      
 0.13645036 16.31      
 0.13645036 16.31      
 0.13645036 16.31      
