 0.13578213 19.61      
 0.30182651 19.48      
 0.28476409 19.5       
 0.13578213 19.61      
 0.30182651 19.48      
 0.12871417 19.77      
 0.13598042 19.56      
 0.13578213 19.61      
 0.13578213 19.61      
 0.13578213 19.61      
 0.13578213 19.61      
 0.13578213 19.61      
 0.13578213 19.61      
 0.30182651 19.48      
 0.13578213 19.61      
 0.30182651 19.48      
 0.13578213 19.61      
 0.30182651 19.48      
 0.13578213 19.61      
 0.13474806 19.72      
 0.13598042 19.56      
 0.13474806 19.72      
 0.13578213 19.61      
 0.13578213 19.61      
 0.30182651 19.48      
 0.13578213 19.61      
 0.13578213 19.61      
 0.13474806 19.72      
 0.13474806 19.72      
 0.14364559 19.61      
 0.12946601 19.78      
 0.12946601 19.78      
 0.12946601 19.78      
 0.12946601 19.78      
 0.13459383 19.77      
 0.12946601 19.78      
 0.13459383 19.77      
 0.12946601 19.78      
 0.13459383 19.77      
 0.12946601 19.78      
 0.12946601 19.78      
 0.12946601 19.78      
 0.12946601 19.78      
 0.12946601 19.78      
 0.29018941 19.55      
 0.13459383 19.77      
 0.13459383 19.77      
 0.13459383 19.77      
 0.12946601 19.78      
 0.12946601 19.78      
