 0.13087583 19.34      
 0.13087583 19.34      
 0.13087583 19.34      
 0.13743567 19.34      
 0.13087583 19.34      
 0.13087583 19.34      
 0.13087583 19.34      
 0.13743567 19.34      
 0.13080429 19.48      
 0.13087583 19.34      
 0.13087583 19.34      
 0.13087583 19.34      
 0.13087583 19.34      
 0.13087583 19.34      
 0.13743567 19.34      
 0.13087583 19.34      
 0.13743567 19.34      
 0.13087583 19.34      
 0.13087583 19.34      
 0.13087583 19.34      
 0.13087583 19.34      
 0.14178859 19.32      
 0.13087583 19.34      
 0.13743567 19.34      
 0.13743567 19.34      
 0.13087583 19.34      
 0.13087583 19.34      
 0.13087583 19.34      
 0.16572425 19.06      
 0.13087583 19.34      
 0.13087583 19.34      
 0.13087583 19.34      
 0.13087583 19.34      
 0.16556722 19.2       
 0.13743567 19.34      
 0.15820586 19.2       
 0.13087583 19.34      
 0.13087583 19.34      
 0.15820586 19.2       
 0.13087583 19.34      
 0.13087583 19.34      
 0.13087583 19.34      
 0.13087583 19.34      
 0.13087583 19.34      
 0.13087583 19.34      
 0.13087583 19.34      
 0.13087583 19.34      
 0.14178859 19.32      
 0.12428605 19.5       
 0.13087583 19.34      
