 0.30240043 19.5       
 0.1385273 20.1      
 0.14075151 20.02      
 0.1385273 20.1      
 0.14575754 19.97      
 0.1385273 20.1      
 0.1385273 20.1      
 0.1385273 20.1      
 0.1385273 20.1      
 0.1385273 20.1      
 0.1385273 20.1      
 0.1385273 20.1      
 0.1385273 20.1      
 0.1385273 20.1      
 0.1385273 20.1      
 0.1385273 20.1      
 0.2830231 19.71     
 0.1385273 20.1      
 0.14575754 19.97      
 0.1385273 20.1      
 0.1385273 20.1      
 0.1385273 20.1      
 0.1385273 20.1      
 0.1385273 20.1      
 0.1385273 20.1      
 0.1385273 20.1      
 0.1385273 20.1      
 0.1385273 20.1      
 0.1385273 20.1      
 0.1385273 20.1      
 0.1385273 20.1      
 0.1385273 20.1      
 0.1385273 20.1      
 0.1385273 20.1      
 0.1385273 20.1      
 0.1385273 20.1      
 0.1385273 20.1      
 0.1385273 20.1      
 0.1385273 20.1      
 0.1385273 20.1      
 0.1385273 20.1      
 0.1385273 20.1      
 0.1385273 20.1      
 0.1385273 20.1      
 0.1385273 20.1      
 0.1385273 20.1      
 0.1385273 20.1      
 0.1385273 20.1      
 0.1385273 20.1      
 0.1385273 20.1      
