 0.29323957 19.01      
 0.29323957 19.01      
 0.29323957 19.01      
 0.29323957 19.01      
 0.29323957 19.01      
 0.29323957 19.01      
 0.29323957 19.01      
 0.29323957 19.01      
 0.29323957 19.01      
 0.29323957 19.01      
 0.29323957 19.01      
 0.29323957 19.01      
 0.29323957 19.01      
 0.29323957 19.01      
 0.29323957 19.01      
 0.29323957 19.01      
 0.29323957 19.01      
 0.29323957 19.01      
 0.29323957 19.01      
 0.29323957 19.01      
 0.29323957 19.01      
 0.29323957 19.01      
 0.29323957 19.01      
 0.29323957 19.01      
 0.29323957 19.01      
 0.29527622 18.97      
 0.29323957 19.01      
 0.29323957 19.01      
 0.29323957 19.01      
 0.29323957 19.01      
 0.29323957 19.01      
 0.17596421 19.06      
 0.29323957 19.01      
 0.29323957 19.01      
 0.29323957 19.01      
 0.29323957 19.01      
 0.29323957 19.01      
 0.29527622 18.97      
 0.29323957 19.01      
 0.29323957 19.01      
 0.29323957 19.01      
 0.29323957 19.01      
 0.29323957 19.01      
 0.29323957 19.01      
 0.29323957 19.01      
 0.29323957 19.01      
 0.29323957 19.01      
 0.29323957 19.01      
 0.29323957 19.01      
 0.29323957 19.01      
