 0.29323957 19.01      
 0.29323957 19.01      
 0.29323957 19.01      
 0.29323957 19.01      
 0.29323957 19.01      
 0.27307857 19.37      
 0.29323957 19.01      
 0.29323957 19.01      
 0.29323957 19.01      
 0.29323957 19.01      
 0.29323957 19.01      
 0.27307857 19.37      
 0.29323957 19.01      
 0.29323957 19.01      
 0.29323957 19.01      
 0.29323957 19.01      
 0.29323957 19.01      
 0.29323957 19.01      
 0.29323957 19.01      
 0.29323957 19.01      
 0.29323957 19.01      
 0.29538488 18.98      
 0.29323957 19.01      
 0.29323957 19.01      
 0.29323957 19.01      
 0.29323957 19.01      
 0.27619064 19.37      
 0.29323957 19.01      
 0.29323957 19.01      
 0.29323957 19.01      
 0.29323957 19.01      
 0.29323957 19.01      
 0.27039182 19.43      
 0.29323957 19.01      
 0.29323957 19.01      
 0.29323957 19.01      
 0.29323957 19.01      
 0.29323957 19.01      
 0.29538488 18.98      
 0.29323957 19.01      
 0.29323957 19.01      
 0.29323957 19.01      
 0.29323957 19.01      
 0.29323957 19.01      
 0.29323957 19.01      
 0.29323957 19.01      
 0.29538488 18.98      
 0.29323957 19.01      
 0.29323957 19.01      
 0.29323957 19.01      
