 0.15751719 18.92      
 0.15458184 18.96      
 0.1613579 18.87     
 0.16228581 18.86      
 0.16228581 18.86      
 0.16228581 18.86      
 0.15458184 18.96      
 0.15751719 18.92      
 0.15751719 18.92      
 0.15458184 18.96      
 0.15458184 18.96      
 0.15458184 18.96      
 0.15751719 18.92      
 0.15751719 18.92      
 0.15751719 18.92      
 0.16066525 18.91      
 0.15751719 18.92      
 0.15458184 18.96      
 0.15751719 18.92      
 0.15751719 18.92      
 0.15751719 18.92      
 0.16066525 18.91      
 0.14751081 19.22      
 0.15458184 18.96      
 0.15458184 18.96      
 0.17092847 18.83      
 0.15751719 18.92      
 0.14751081 19.22      
 0.15458184 18.96      
 0.14910703 19.11      
 0.14751081 19.22      
 0.16228581 18.86      
 0.14751081 19.22      
 0.15458184 18.96      
 0.15458184 18.96      
 0.15751719 18.92      
 0.15458184 18.96      
 0.15458184 18.96      
 0.14751081 19.22      
 0.15751719 18.92      
 0.15458184 18.96      
 0.15751719 18.92      
 0.14751081 19.22      
 0.15751719 18.92      
 0.16066525 18.91      
 0.15458184 18.96      
 0.15751719 18.92      
 0.1613579 18.87     
 0.15751719 18.92      
 0.15458184 18.96      
