 0.25431333 18.78      
 0.25431333 18.78      
 0.25431333 18.78      
 0.25431333 18.78      
 0.44972991 18.76      
 0.15292839 19.11      
 0.25431333 18.78      
 0.25431333 18.78      
 0.25431333 18.78      
 0.25431333 18.78      
 0.25431333 18.78      
 0.25431333 18.78      
 0.25431333 18.78      
 0.25431333 18.78      
 0.25431333 18.78      
 0.44972991 18.76      
 0.25431333 18.78      
 0.25431333 18.78      
 0.25431333 18.78      
 0.25431333 18.78      
 0.25431333 18.78      
 0.25431333 18.78      
 0.25431333 18.78      
 0.25431333 18.78      
 0.25431333 18.78      
 0.25431333 18.78      
 0.25431333 18.78      
 0.25431333 18.78      
 0.25431333 18.78      
 0.15292839 19.11      
 0.25431333 18.78      
 0.25431333 18.78      
 0.25431333 18.78      
 0.25431333 18.78      
 0.25431333 18.78      
 0.25431333 18.78      
 0.25431333 18.78      
 0.25431333 18.78      
 0.25431333 18.78      
 0.25431333 18.78      
 0.25431333 18.78      
 0.25431333 18.78      
 0.25431333 18.78      
 0.25431333 18.78      
 0.25431333 18.78      
 0.25431333 18.78      
 0.25431333 18.78      
 0.25431333 18.78      
 0.25431333 18.78      
 0.25431333 18.78      
