 0.16482844 19.06      
 0.28494163 18.92      
 0.16482844 19.06      
 0.13879654 20.22      
 0.14539429 20.02      
 0.16482844 19.06      
 0.13262079 20.37      
 0.13262079 20.37      
 0.14539429 20.02      
 0.16482844 19.06      
 0.13262079 20.37      
 0.16482844 19.06      
 0.16482844 19.06      
 0.13262079 20.37      
 0.16482844 19.06      
 0.15475356 19.48      
 0.14539429 20.02      
 0.13262079 20.37      
 0.13262079 20.37      
 0.13262079 20.37      
 0.13262079 20.37      
 0.16482844 19.06      
 0.13262079 20.37      
 0.16482844 19.06      
 0.15475356 19.48      
 0.13262079 20.37      
 0.15918031 19.36      
 0.13262079 20.37      
 0.16482844 19.06      
 0.16482844 19.06      
 0.15475356 19.48      
 0.16482844 19.06      
 0.16482844 19.06      
 0.28494163 18.92      
 0.14539429 20.02      
 0.16482844 19.06      
 0.14539429 20.02      
 0.16482844 19.06      
 0.16482844 19.06      
 0.14539429 20.02      
 0.14539429 20.02      
 0.14539429 20.02      
 0.13262079 20.37      
 0.13262079 20.37      
 0.16482844 19.06      
 0.13262079 20.37      
 0.13262079 20.37      
 0.15475356 19.48      
 0.16482844 19.06      
 0.16482844 19.06      
