 0.14495811 19.48      
 0.14495811 19.48      
 0.26292967 18.93      
 0.14495811 19.48      
 0.14495811 19.48      
 0.14495811 19.48      
 0.26292967 18.93      
 0.14495811 19.48      
 0.14495811 19.48      
 0.26292967 18.93      
 0.14495811 19.48      
 0.14495811 19.48      
 0.12730188 19.75      
 0.14495811 19.48      
 0.14495811 19.48      
 0.14467718 19.49      
 0.16445581 19.07      
 0.14495811 19.48      
 0.13529379 19.73      
 0.14495811 19.48      
 0.26292967 18.93      
 0.14495811 19.48      
 0.14495811 19.48      
 0.26292967 18.93      
 0.16445581 19.07      
 0.14495811 19.48      
 0.13529379 19.73      
 0.14495811 19.48      
 0.14751782 19.48      
 0.13253341 19.75      
 0.13253341 19.75      
 0.13253341 19.75      
 0.16744064 19.07      
 0.13253341 19.75      
 0.13253341 19.75      
 0.13253341 19.75      
 0.13253341 19.75      
 0.13253341 19.75      
 0.13253341 19.75      
 0.12766417 19.76      
 0.13253341 19.75      
 0.13253341 19.75      
 0.13253341 19.75      
 0.13253341 19.75      
 0.13253341 19.75      
 0.13253341 19.75      
 0.13253341 19.75      
 0.13253341 19.75      
 0.13253341 19.75      
 0.13253341 19.75      
