 0.45588378 18.98      
 0.45588378 18.98      
 0.45588378 18.98      
 0.45588378 18.98      
 0.45588378 18.98      
 0.45588378 18.98      
 0.45588378 18.98      
 0.45588378 18.98      
 0.45588378 18.98      
 0.37829928 19.02      
 0.45588378 18.98      
 0.45588378 18.98      
 0.45588378 18.98      
 0.45588378 18.98      
 0.45588378 18.98      
 0.45588378 18.98      
 0.45588378 18.98      
 0.45588378 18.98      
 0.45588378 18.98      
 0.45588378 18.98      
 0.45588378 18.98      
 0.45588378 18.98      
 0.45588378 18.98      
 0.45588378 18.98      
 0.45588378 18.98      
 0.45588378 18.98      
 0.45588378 18.98      
 0.14591068 19.54      
 0.45588378 18.98      
 0.45588378 18.98      
 0.37829928 19.02      
 0.25309243 19.03      
 0.45588378 18.98      
 0.45588378 18.98      
 0.45588378 18.98      
 0.37829928 19.02      
 0.45588378 18.98      
 0.45588378 18.98      
 0.45588378 18.98      
 0.45588378 18.98      
 0.45588378 18.98      
 0.45588378 18.98      
 0.45588378 18.98      
 0.45588378 18.98      
 0.45588378 18.98      
 0.45588378 18.98      
 0.37829928 19.02      
 0.45588378 18.98      
 0.37829928 19.02      
 0.45588378 18.98      
