 0.12808565 19.54      
 0.138296 19.52    
 0.138296 19.52    
 0.1495469 19.5      
 0.1264944 19.58     
 0.138296 19.52    
 0.12808565 19.54      
 0.138296 19.52    
 0.1495469 19.5      
 0.1495469 19.5      
 0.1495469 19.5      
 0.12808565 19.54      
 0.138296 19.52    
 0.12808565 19.54      
 0.15287068 19.4       
 0.12808565 19.54      
 0.12808565 19.54      
 0.12808565 19.54      
 0.12505234 19.62      
 0.12808565 19.54      
 0.138296 19.52    
 0.12808565 19.54      
 0.1264944 19.58     
 0.12808565 19.54      
 0.12505234 19.62      
 0.1264944 19.58     
 0.12808565 19.54      
 0.12808565 19.54      
 0.1264944 19.58     
 0.1264944 19.58     
 0.138296 19.52    
 0.12808565 19.54      
 0.12808565 19.54      
 0.12808565 19.54      
 0.12465047 19.8       
 0.1264944 19.58     
 0.12808565 19.54      
 0.12808565 19.54      
 0.12808565 19.54      
 0.12808565 19.54      
 0.12808565 19.54      
 0.12808565 19.54      
 0.12808565 19.54      
 0.1264944 19.58     
 0.12808565 19.54      
 0.12808565 19.54      
 0.12808565 19.54      
 0.12505234 19.62      
 0.138296 19.52    
 0.12808565 19.54      
