 0.12990091 19.62      
 0.1339429 19.6      
 0.1238708 19.78     
 0.13649684 19.56      
 0.15026939 19.39      
 0.15026939 19.39      
 0.13868789 19.48      
 0.14287959 19.46      
 0.15906638 19.36      
 0.13868789 19.48      
 0.13868789 19.48      
 0.13868789 19.48      
 0.1339429 19.6      
 0.13868789 19.48      
 0.1238708 19.78     
 0.13868789 19.48      
 0.12990091 19.62      
 0.15906638 19.36      
 0.12990091 19.62      
 0.13868789 19.48      
 0.12659407 19.66      
 0.12990091 19.62      
 0.12990091 19.62      
 0.13649684 19.56      
 0.12990091 19.62      
 0.15906638 19.36      
 0.13868789 19.48      
 0.12990091 19.62      
 0.15906638 19.36      
 0.13649684 19.56      
 0.1339429 19.6      
 0.13868789 19.48      
 0.33268879 19.33      
 0.13868789 19.48      
 0.12990091 19.62      
 0.12990091 19.62      
 0.12990091 19.62      
 0.15906638 19.36      
 0.15906638 19.36      
 0.13868789 19.48      
 0.13868789 19.48      
 0.13868789 19.48      
 0.13868789 19.48      
 0.13868789 19.48      
 0.13868789 19.48      
 0.13868789 19.48      
 0.13649684 19.56      
 0.12990091 19.62      
 0.13868789 19.48      
 0.15906638 19.36      
