 0.37903444 18.7       
 0.37903444 18.7       
 0.37903444 18.7       
 0.15203239 18.76      
 0.37903444 18.7       
 0.37903444 18.7       
 0.37903444 18.7       
 0.37903444 18.7       
 0.13086211 19.94      
 0.37903444 18.7       
 0.37903444 18.7       
 0.37903444 18.7       
 0.37903444 18.7       
 0.37903444 18.7       
 0.37903444 18.7       
 0.37903444 18.7       
 0.37903444 18.7       
 0.37903444 18.7       
 0.37903444 18.7       
 0.37903444 18.7       
 0.15203239 18.76      
 0.37903444 18.7       
 0.37903444 18.7       
 0.37903444 18.7       
 0.37903444 18.7       
 0.37903444 18.7       
 0.37903444 18.7       
 0.37903444 18.7       
 0.37903444 18.7       
 0.37903444 18.7       
 0.37903444 18.7       
 0.37903444 18.7       
 0.37903444 18.7       
 0.37903444 18.7       
 0.37903444 18.7       
 0.37903444 18.7       
 0.37903444 18.7       
 0.37903444 18.7       
 0.15203239 18.76      
 0.37903444 18.7       
 0.37903444 18.7       
 0.37903444 18.7       
 0.37903444 18.7       
 0.13086211 19.94      
 0.13086211 19.94      
 0.37903444 18.7       
 0.37903444 18.7       
 0.37903444 18.7       
 0.37903444 18.7       
 0.13086211 19.94      
