 0.16044872 19.28      
 0.16901695 19.11      
 0.14875262 19.5       
 0.16044872 19.28      
 0.16044872 19.28      
 0.16044872 19.28      
 0.12710577 20.01      
 0.14875262 19.5       
 0.16044872 19.28      
 0.12698239 20.06      
 0.14875262 19.5       
 0.12698239 20.06      
 0.16901695 19.11      
 0.36408273 18.94      
 0.15902805 19.4       
 0.16044872 19.28      
 0.14893172 19.45      
 0.1611974 19.14     
 0.16044872 19.28      
 0.17353556 18.99      
 0.16044872 19.28      
 0.16044872 19.28      
 0.12698239 20.06      
 0.12533755 20.14      
 0.16044872 19.28      
 0.12710577 20.01      
 0.14479573 19.58      
 0.16044872 19.28      
 0.16044872 19.28      
 0.12710577 20.01      
 0.12698239 20.06      
 0.1611974 19.14     
 0.16901695 19.11      
 0.16044872 19.28      
 0.12710577 20.01      
 0.16044872 19.28      
 0.17847921 18.99      
 0.1611974 19.14     
 0.16044872 19.28      
 0.36408273 18.94      
 0.16044872 19.28      
 0.12710577 20.01      
 0.12698239 20.06      
 0.16044872 19.28      
 0.1611974 19.14     
 0.12698239 20.06      
 0.16044872 19.28      
 0.16901695 19.11      
 0.12698239 20.06      
 0.16044872 19.28      
