 0.13812254 19.26      
 0.13892692 19.06      
 0.13812254 19.26      
 0.13812254 19.26      
 0.13812254 19.26      
 0.13812254 19.26      
 0.13892692 19.06      
 0.15284203 18.97      
 0.13812254 19.26      
 0.13812254 19.26      
 0.13812254 19.26      
 0.15284203 18.97      
 0.14555876 19.        
 0.13812254 19.26      
 0.13812254 19.26      
 0.13812254 19.26      
 0.14555876 19.        
 0.13812254 19.26      
 0.13812254 19.26      
 0.13812254 19.26      
 0.13812254 19.26      
 0.1519043 18.98     
 0.14555876 19.        
 0.13812254 19.26      
 0.13812254 19.26      
 0.14555876 19.        
 0.13812254 19.26      
 0.13812254 19.26      
 0.13812254 19.26      
 0.13812254 19.26      
 0.13812254 19.26      
 0.13812254 19.26      
 0.13812254 19.26      
 0.13812254 19.26      
 0.13812254 19.26      
 0.13812254 19.26      
 0.14555876 19.        
 0.13812254 19.26      
 0.14555876 19.        
 0.13812254 19.26      
 0.13892692 19.06      
 0.13812254 19.26      
 0.13812254 19.26      
 0.14555876 19.        
 0.13812254 19.26      
 0.13812254 19.26      
 0.13812254 19.26      
 0.13812254 19.26      
 0.1557601 18.97     
 0.1557601 18.97     
