 0.14311709 19.81      
 0.13999754 19.86      
 0.14311709 19.81      
 0.13999754 19.86      
 0.13999754 19.86      
 0.13999754 19.86      
 0.37880848 18.95      
 0.18486399 19.08      
 0.13999754 19.86      
 0.14311709 19.81      
 0.18833827 19.        
 0.14410592 19.54      
 0.13999754 19.86      
 0.18486399 19.08      
 0.37880848 18.95      
 0.14311709 19.81      
 0.13999754 19.86      
 0.15285696 19.24      
 0.15285696 19.24      
 0.18833827 19.        
 0.13999754 19.86      
 0.13999754 19.86      
 0.13952807 19.91      
 0.13999754 19.86      
 0.14311709 19.81      
 0.13999754 19.86      
 0.13999754 19.86      
 0.37880848 18.95      
 0.18486399 19.08      
 0.14311709 19.81      
 0.14311709 19.81      
 0.13999754 19.86      
 0.14410592 19.54      
 0.13999754 19.86      
 0.18833827 19.        
 0.14311709 19.81      
 0.14311709 19.81      
 0.14682324 19.28      
 0.37880848 18.95      
 0.14311709 19.81      
 0.18833827 19.        
 0.14326055 19.81      
 0.15058679 19.28      
 0.25019831 19.04      
 0.2563575 19.       
 0.25019831 19.04      
 0.25019831 19.04      
 0.2563575 19.       
 0.25019831 19.04      
 0.2563575 19.       
