 0.12707129 20.03      
 0.12707129 20.03      
 0.12707129 20.03      
 0.12707129 20.03      
 0.13448236 19.5       
 0.13154679 19.99      
 0.12707129 20.03      
 0.13448236 19.5       
 0.12707129 20.03      
 0.12707129 20.03      
 0.12707129 20.03      
 0.12707129 20.03      
 0.12707129 20.03      
 0.12707129 20.03      
 0.12707129 20.03      
 0.12707129 20.03      
 0.13448236 19.5       
 0.12707129 20.03      
 0.12707129 20.03      
 0.12707129 20.03      
 0.12707129 20.03      
 0.13448236 19.5       
 0.12707129 20.03      
 0.12707129 20.03      
 0.12707129 20.03      
 0.12707129 20.03      
 0.12707129 20.03      
 0.12707129 20.03      
 0.12707129 20.03      
 0.13448236 19.5       
 0.12707129 20.03      
 0.12707129 20.03      
 0.12707129 20.03      
 0.12707129 20.03      
 0.12707129 20.03      
 0.12707129 20.03      
 0.12707129 20.03      
 0.12707129 20.03      
 0.13448236 19.5       
 0.12707129 20.03      
 0.12707129 20.03      
 0.13448236 19.5       
 0.12707129 20.03      
 0.12707129 20.03      
 0.1311576 20.       
 0.12707129 20.03      
 0.12707129 20.03      
 0.12707129 20.03      
 0.12707129 20.03      
 0.13448236 19.5       
