 0.13607123 19.24      
 0.13038604 19.24      
 0.13607123 19.24      
 0.13038604 19.24      
 0.13607123 19.24      
 0.13038604 19.24      
 0.13038604 19.24      
 0.13038604 19.24      
 0.13038604 19.24      
 0.13038604 19.24      
 0.13038604 19.24      
 0.13038604 19.24      
 0.13607123 19.24      
 0.15144144 18.86      
 0.13038604 19.24      
 0.13038604 19.24      
 0.13038604 19.24      
 0.13607123 19.24      
 0.13038604 19.24      
 0.13038604 19.24      
 0.13038604 19.24      
 0.13038604 19.24      
 0.12059489 19.88      
 0.13038604 19.24      
 0.13038604 19.24      
 0.13038604 19.24      
 0.13038604 19.24      
 0.13038604 19.24      
 0.13038604 19.24      
 0.13038604 19.24      
 0.13038604 19.24      
 0.13038604 19.24      
 0.13038604 19.24      
 0.13038604 19.24      
 0.13038604 19.24      
 0.13038604 19.24      
 0.13038604 19.24      
 0.13038604 19.24      
 0.12059489 19.88      
 0.13038604 19.24      
 0.13038604 19.24      
 0.13038604 19.24      
 0.13038604 19.24      
 0.13038604 19.24      
 0.13038604 19.24      
 0.13038604 19.24      
 0.13607123 19.24      
 0.13038604 19.24      
 0.13038604 19.24      
 0.13038604 19.24      
