 0.17954141 19.53      
 0.30338523 19.49      
 0.17184404 19.56      
 0.30338523 19.49      
 0.31023631 19.48      
 0.17954141 19.53      
 0.31023631 19.48      
 0.31023631 19.48      
 0.31023631 19.48      
 0.30187324 19.51      
 0.31023631 19.48      
 0.31023631 19.48      
 0.17954141 19.53      
 0.31023631 19.48      
 0.30338523 19.49      
 0.31023631 19.48      
 0.31023631 19.48      
 0.30338523 19.49      
 0.31023631 19.48      
 0.30338523 19.49      
 0.31023631 19.48      
 0.30338523 19.49      
 0.1674787 19.61     
 0.31023631 19.48      
 0.30338523 19.49      
 0.30236543 19.56      
 0.17936791 19.58      
 0.16791296 19.61      
 0.30236543 19.56      
 0.16791296 19.61      
 0.30236543 19.56      
 0.30236543 19.56      
 0.30236543 19.56      
 0.30236543 19.56      
 0.30236543 19.56      
 0.30236543 19.56      
 0.30236543 19.56      
 0.30236543 19.56      
 0.30236543 19.56      
 0.30236543 19.56      
 0.30236543 19.56      
 0.30236543 19.56      
 0.51692355 19.48      
 0.30253894 19.51      
 0.30236543 19.56      
 0.30236543 19.56      
 0.30580682 19.49      
 0.30253894 19.51      
 0.30253894 19.51      
 0.30253894 19.51      
