 0.13994781 19.2       
 0.14854027 19.18      
 0.14854027 19.18      
 0.13994781 19.2       
 0.13994781 19.2       
 0.14854027 19.18      
 0.13994781 19.2       
 0.13992681 19.53      
 0.13994781 19.2       
 0.13994781 19.2       
 0.13994781 19.2       
 0.13994781 19.2       
 0.14854027 19.18      
 0.13994781 19.2       
 0.13994781 19.2       
 0.13994781 19.2       
 0.13994781 19.2       
 0.14854027 19.18      
 0.13994781 19.2       
 0.13994781 19.2       
 0.13994781 19.2       
 0.13994781 19.2       
 0.13994781 19.2       
 0.13994781 19.2       
 0.13994781 19.2       
 0.13994781 19.2       
 0.14854027 19.18      
 0.14854027 19.18      
 0.14854027 19.18      
 0.13994781 19.2       
 0.13994781 19.2       
 0.13994781 19.2       
 0.13994781 19.2       
 0.13994781 19.2       
 0.13994781 19.2       
 0.13994781 19.2       
 0.13994781 19.2       
 0.13994781 19.2       
 0.14854027 19.18      
 0.13994781 19.2       
 0.13994781 19.2       
 0.13994781 19.2       
 0.13994781 19.2       
 0.13994781 19.2       
 0.13994781 19.2       
 0.13994781 19.2       
 0.14854027 19.18      
 0.13994781 19.2       
 0.13994781 19.2       
 0.13994781 19.2       
