 0.14955174 19.06      
 0.14897421 19.18      
 0.15991123 18.84      
 0.14955174 19.06      
 0.14665023 19.3       
 0.14897421 19.18      
 0.14955174 19.06      
 0.14955174 19.06      
 0.14955174 19.06      
 0.14975003 19.01      
 0.14897421 19.18      
 0.14955174 19.06      
 0.15991123 18.84      
 0.14955174 19.06      
 0.15323387 18.95      
 0.14955174 19.06      
 0.14897421 19.18      
 0.26450609 18.79      
 0.14955174 19.06      
 0.14955174 19.06      
 0.14897421 19.18      
 0.14975003 19.01      
 0.26450609 18.79      
 0.15991123 18.84      
 0.14975003 19.01      
 0.14955174 19.06      
 0.14955174 19.06      
 0.15323387 18.95      
 0.14665023 19.3       
 0.14955174 19.06      
 0.15323387 18.95      
 0.15323387 18.95      
 0.26295044 18.8       
 0.15323387 18.95      
 0.15991123 18.84      
 0.14955174 19.06      
 0.14955174 19.06      
 0.14665023 19.3       
 0.26450609 18.79      
 0.14975003 19.01      
 0.15323387 18.95      
 0.14665023 19.3       
 0.15323387 18.95      
 0.15991123 18.84      
 0.26450609 18.79      
 0.14975003 19.01      
 0.14955174 19.06      
 0.15323387 18.95      
 0.26450609 18.79      
 0.26450609 18.79      
