 0.13703074 20.29      
 0.13703074 20.29      
 0.13703074 20.29      
 0.13703074 20.29      
 0.13703074 20.29      
 0.13703074 20.29      
 0.13774671 20.26      
 0.13774671 20.26      
 0.13703074 20.29      
 0.13703074 20.29      
 0.13703074 20.29      
 0.13703074 20.29      
 0.13703074 20.29      
 0.13703074 20.29      
 0.13703074 20.29      
 0.13703074 20.29      
 0.13703074 20.29      
 0.13703074 20.29      
 0.13703074 20.29      
 0.32380654 20.19      
 0.13703074 20.29      
 0.13703074 20.29      
 0.13703074 20.29      
 0.13703074 20.29      
 0.13703074 20.29      
 0.13703074 20.29      
 0.13703074 20.29      
 0.13703074 20.29      
 0.13703074 20.29      
 0.13703074 20.29      
 0.13703074 20.29      
 0.13703074 20.29      
 0.13703074 20.29      
 0.13703074 20.29      
 0.13703074 20.29      
 0.13703074 20.29      
 0.13703074 20.29      
 0.13774671 20.26      
 0.13703074 20.29      
 0.13703074 20.29      
 0.13703074 20.29      
 0.13703074 20.29      
 0.13703074 20.29      
 0.13703074 20.29      
 0.13703074 20.29      
 0.13703074 20.29      
 0.13703074 20.29      
 0.13703074 20.29      
 0.13703074 20.29      
 0.13774671 20.26      
