 0.13541912 19.6       
 0.13541912 19.6       
 0.13541912 19.6       
 0.14211371 19.53      
 0.13541912 19.6       
 0.13541912 19.6       
 0.14224923 19.32      
 0.13541912 19.6       
 0.14224923 19.32      
 0.13541912 19.6       
 0.13541912 19.6       
 0.13541912 19.6       
 0.13541912 19.6       
 0.13541912 19.6       
 0.13541912 19.6       
 0.13541912 19.6       
 0.34079689 19.26      
 0.13541912 19.6       
 0.13541912 19.6       
 0.13541912 19.6       
 0.13541912 19.6       
 0.13541912 19.6       
 0.14151504 19.6       
 0.13541912 19.6       
 0.13541912 19.6       
 0.13541912 19.6       
 0.13541912 19.6       
 0.14224923 19.32      
 0.13541912 19.6       
 0.13541912 19.6       
 0.13541912 19.6       
 0.13541912 19.6       
 0.13541912 19.6       
 0.13541912 19.6       
 0.13541912 19.6       
 0.13541912 19.6       
 0.13541912 19.6       
 0.13541912 19.6       
 0.13541912 19.6       
 0.14211371 19.53      
 0.13541912 19.6       
 0.13541912 19.6       
 0.13541912 19.6       
 0.14211371 19.53      
 0.13541912 19.6       
 0.13541912 19.6       
 0.13541912 19.6       
 0.34079689 19.26      
 0.13541912 19.6       
 0.14224923 19.32      
