 0.13273076 19.82      
 0.15156914 19.07      
 0.16069195 19.04      
 0.13273076 19.82      
 0.13273076 19.82      
 0.13102304 19.9       
 0.13102304 19.9       
 0.14451044 19.1       
 0.13273076 19.82      
 0.15049485 19.1       
 0.13273076 19.82      
 0.13273076 19.82      
 0.12946601 19.94      
 0.15156914 19.07      
 0.13102304 19.9       
 0.13102304 19.9       
 0.13273076 19.82      
 0.13273076 19.82      
 0.15156914 19.07      
 0.13273076 19.82      
 0.15049485 19.1       
 0.13273076 19.82      
 0.13273076 19.82      
 0.13273076 19.82      
 0.15156914 19.07      
 0.13102304 19.9       
 0.13273076 19.82      
 0.15049485 19.1       
 0.13273076 19.82      
 0.13273076 19.82      
 0.16069195 19.04      
 0.13102304 19.9       
 0.12946601 19.94      
 0.13273076 19.82      
 0.13102304 19.9       
 0.13273076 19.82      
 0.13273076 19.82      
 0.13273076 19.82      
 0.15049485 19.1       
 0.13273076 19.82      
 0.15156914 19.07      
 0.12946601 19.94      
 0.13273076 19.82      
 0.13102304 19.9       
 0.13102304 19.9       
 0.16069195 19.04      
 0.13273076 19.82      
 0.16069195 19.04      
 0.13273076 19.82      
 0.13273076 19.82      
