 0.12969907 19.46      
 0.18563031 18.74      
 0.1504647 19.07     
 0.1504647 19.07     
 0.13672709 19.3       
 0.1504647 19.07     
 0.1504647 19.07     
 0.1323559 19.45     
 0.1504647 19.07     
 0.1504647 19.07     
 0.1504647 19.07     
 0.1504647 19.07     
 0.13672709 19.3       
 0.1913519 18.74     
 0.18563031 18.74      
 0.1504647 19.07     
 0.1504647 19.07     
 0.1504647 19.07     
 0.13012689 19.46      
 0.13672709 19.3       
 0.13672709 19.3       
 0.12969907 19.46      
 0.12969907 19.46      
 0.48228887 18.7       
 0.15163018 19.        
 0.1504647 19.07     
 0.12969907 19.46      
 0.15323387 18.95      
 0.1504647 19.07     
 0.15163018 19.        
 0.1504647 19.07     
 0.13672709 19.3       
 0.1323559 19.45     
 0.1504647 19.07     
 0.1913519 18.74     
 0.48228887 18.7       
 0.1504647 19.07     
 0.15163018 19.        
 0.13672709 19.3       
 0.1504647 19.07     
 0.13672709 19.3       
 0.1323559 19.45     
 0.1504647 19.07     
 0.15323387 18.95      
 0.1504647 19.07     
 0.18563031 18.74      
 0.1504647 19.07     
 0.1504647 19.07     
 0.12969907 19.46      
 0.12969907 19.46      
