 0.14980154 19.75      
 0.14149353 19.87      
 0.14276651 19.81      
 0.14276651 19.81      
 0.30555167 19.18      
 0.14149353 19.87      
 0.14276651 19.81      
 0.14276651 19.81      
 0.14149353 19.87      
 0.14276651 19.81      
 0.14276651 19.81      
 0.14276651 19.81      
 0.2912302 19.4      
 0.29977495 19.34      
 0.14865605 19.79      
 0.15234977 19.57      
 0.14362215 19.81      
 0.14276651 19.81      
 0.14276651 19.81      
 0.14276651 19.81      
 0.14149353 19.87      
 0.14276651 19.81      
 0.14276651 19.81      
 0.14276651 19.81      
 0.14276651 19.81      
 0.14276651 19.81      
 0.14276651 19.81      
 0.14149353 19.87      
 0.14149353 19.87      
 0.14149353 19.87      
 0.14865605 19.79      
 0.14276651 19.81      
 0.14276651 19.81      
 0.29977495 19.34      
 0.14276651 19.81      
 0.14149353 19.87      
 0.15069429 19.63      
 0.14865605 19.79      
 0.14149353 19.87      
 0.14276651 19.81      
 0.14276651 19.81      
 0.14865605 19.79      
 0.14149353 19.87      
 0.14865605 19.79      
 0.14276651 19.81      
 0.14276651 19.81      
 0.15234977 19.57      
 0.14149353 19.87      
 0.49127001 19.16      
 0.14149353 19.87      
