 0.12424028 19.8       
 0.12946601 19.78      
 0.12424028 19.8       
 0.14819533 19.28      
 0.12424028 19.8       
 0.12424028 19.8       
 0.12925662 19.8       
 0.12946601 19.78      
 0.12946601 19.78      
 0.14819533 19.28      
 0.14788688 19.33      
 0.14819533 19.28      
 0.12424028 19.8       
 0.12424028 19.8       
 0.14162436 19.76      
 0.12946601 19.78      
 0.12946601 19.78      
 0.12946601 19.78      
 0.12925662 19.8       
 0.12925662 19.8       
 0.12946601 19.78      
 0.12424028 19.8       
 0.14819533 19.28      
 0.12925662 19.8       
 0.12424028 19.8       
 0.12946601 19.78      
 0.12946601 19.78      
 0.12424028 19.8       
 0.12424028 19.8       
 0.12946601 19.78      
 0.12424028 19.8       
 0.12424028 19.8       
 0.12946601 19.78      
 0.12424028 19.8       
 0.12946601 19.78      
 0.12424028 19.8       
 0.12946601 19.78      
 0.12946601 19.78      
 0.12946601 19.78      
 0.12424028 19.8       
 0.12946601 19.78      
 0.12424028 19.8       
 0.12424028 19.8       
 0.14819533 19.28      
 0.12925662 19.8       
 0.18264521 19.08      
 0.12946601 19.78      
 0.12424028 19.8       
 0.12424028 19.8       
 0.14819533 19.28      
