 0.1447246 19.73     
 0.1447246 19.73     
 0.1447246 19.73     
 0.13487145 20.02      
 0.13487145 20.02      
 0.48639663 19.08      
 0.4657432 19.24     
 0.1447246 19.73     
 0.1447246 19.73     
 0.13487145 20.02      
 0.4657432 19.24     
 0.1447246 19.73     
 0.1447246 19.73     
 0.1447246 19.73     
 0.1447246 19.73     
 0.15535711 19.27      
 0.4657432 19.24     
 0.1447246 19.73     
 0.15535711 19.27      
 0.1447246 19.73     
 0.1447246 19.73     
 0.1447246 19.73     
 0.13487145 20.02      
 0.1447246 19.73     
 0.1447246 19.73     
 0.1447246 19.73     
 0.1447246 19.73     
 0.13487145 20.02      
 0.1447246 19.73     
 0.13487145 20.02      
 0.1447246 19.73     
 0.4657432 19.24     
 0.1447246 19.73     
 0.1447246 19.73     
 0.1447246 19.73     
 0.1447246 19.73     
 0.1447246 19.73     
 0.1447246 19.73     
 0.1447246 19.73     
 0.13487145 20.02      
 0.4657432 19.24     
 0.1447246 19.73     
 0.13487145 20.02      
 0.13487145 20.02      
 0.1447246 19.73     
 0.13487145 20.02      
 0.46639328 19.24      
 0.1447246 19.73     
 0.15535711 19.27      
 0.1447246 19.73     
