 0.15970561 19.16      
 0.29858056 18.86      
 0.15970561 19.16      
 0.17227102 18.95      
 0.1368434 19.2      
 0.29858056 18.86      
 0.29858056 18.86      
 0.29858056 18.86      
 0.1368434 19.2      
 0.1368434 19.2      
 0.29858056 18.86      
 0.1368434 19.2      
 0.15970561 19.16      
 0.15970561 19.16      
 0.15970561 19.16      
 0.15970561 19.16      
 0.1368434 19.2      
 0.17227102 18.95      
 0.29858056 18.86      
 0.1368434 19.2      
 0.29858056 18.86      
 0.15970561 19.16      
 0.15970561 19.16      
 0.1368434 19.2      
 0.15970561 19.16      
 0.15970561 19.16      
 0.29858056 18.86      
 0.29858056 18.86      
 0.29858056 18.86      
 0.1368434 19.2      
 0.15970561 19.16      
 0.17227102 18.95      
 0.29858056 18.86      
 0.29858056 18.86      
 0.17227102 18.95      
 0.1368434 19.2      
 0.1368434 19.2      
 0.29858056 18.86      
 0.29858056 18.86      
 0.1368434 19.2      
 0.29858056 18.86      
 0.29858056 18.86      
 0.28322588 18.92      
 0.29858056 18.86      
 0.15970561 19.16      
 0.1393573 19.2      
 0.29858056 18.86      
 0.17227102 18.95      
 0.29858056 18.86      
 0.15970561 19.16      
