 0.13666382 18.71      
 0.13666382 18.71      
 0.1399643 18.68     
 0.13666382 18.71      
 0.13666382 18.71      
 0.13666382 18.71      
 0.13666382 18.71      
 0.13666382 18.71      
 0.13666382 18.71      
 0.13666382 18.71      
 0.13488716 18.95      
 0.14076887 18.62      
 0.13666382 18.71      
 0.13666382 18.71      
 0.13666382 18.71      
 0.14076887 18.62      
 0.13666382 18.71      
 0.13666382 18.71      
 0.1399643 18.68     
 0.13666382 18.71      
 0.1399643 18.68     
 0.13666382 18.71      
 0.14076887 18.62      
 0.13488716 18.95      
 0.1399643 18.68     
 0.13666382 18.71      
 0.14027865 18.67      
 0.13666382 18.71      
 0.13488716 18.95      
 0.13666382 18.71      
 0.13666382 18.71      
 0.13666382 18.71      
 0.14076887 18.62      
 0.13666382 18.71      
 0.1399643 18.68     
 0.13666382 18.71      
 0.13666382 18.71      
 0.1399643 18.68     
 0.1399643 18.68     
 0.13666382 18.71      
 0.13488716 18.95      
 0.1399643 18.68     
 0.13666382 18.71      
 0.13666382 18.71      
 0.13666382 18.71      
 0.13488716 18.95      
 0.13666382 18.71      
 0.13488716 18.95      
 0.13666382 18.71      
 0.13666382 18.71      
