 0.13001955 19.78      
 0.13087742 19.64      
 0.39920951 18.98      
 0.1434944 19.48     
 0.1680079 19.       
 0.13087742 19.64      
 0.13087742 19.64      
 0.13001955 19.78      
 0.13001955 19.78      
 0.13001955 19.78      
 0.13087742 19.64      
 0.1434944 19.48     
 0.13001955 19.78      
 0.1434944 19.48     
 0.13001955 19.78      
 0.39920951 18.98      
 0.1434944 19.48     
 0.13087742 19.64      
 0.13087742 19.64      
 0.13087742 19.64      
 0.1434944 19.48     
 0.1434944 19.48     
 0.1434944 19.48     
 0.13087742 19.64      
 0.13087742 19.64      
 0.13001955 19.78      
 0.13087742 19.64      
 0.1434944 19.48     
 0.13087742 19.64      
 0.13001955 19.78      
 0.13001955 19.78      
 0.39920951 18.98      
 0.1434944 19.48     
 0.13087742 19.64      
 0.1434944 19.48     
 0.1434944 19.48     
 0.13001955 19.78      
 0.13087742 19.64      
 0.1434944 19.48     
 0.13001955 19.78      
 0.13087742 19.64      
 0.13001955 19.78      
 0.39920951 18.98      
 0.14909865 19.45      
 0.13001955 19.78      
 0.13001955 19.78      
 0.13001955 19.78      
 0.13087742 19.64      
 0.13087742 19.64      
 0.1434944 19.48     
