 0.34562408 18.7       
 0.13034912 20.17      
 0.34562408 18.7       
 0.13726945 19.82      
 0.13034912 20.17      
 0.13034912 20.17      
 0.34562408 18.7       
 0.13034912 20.17      
 0.16094681 19.13      
 0.13034912 20.17      
 0.34562408 18.7       
 0.13034912 20.17      
 0.13034912 20.17      
 0.13034912 20.17      
 0.34562408 18.7       
 0.34562408 18.7       
 0.13726945 19.82      
 0.13034912 20.17      
 0.34562408 18.7       
 0.34562408 18.7       
 0.13034912 20.17      
 0.34562408 18.7       
 0.34562408 18.7       
 0.15943391 19.39      
 0.34562408 18.7       
 0.34562408 18.7       
 0.13034912 20.17      
 0.13034912 20.17      
 0.13726945 19.82      
 0.34562408 18.7       
 0.34562408 18.7       
 0.34562408 18.7       
 0.34562408 18.7       
 0.34562408 18.7       
 0.13034912 20.17      
 0.13726945 19.82      
 0.13034912 20.17      
 0.13034912 20.17      
 0.13034912 20.17      
 0.13034912 20.17      
 0.13034912 20.17      
 0.13034912 20.17      
 0.34562408 18.7       
 0.13034912 20.17      
 0.13034912 20.17      
 0.13034912 20.17      
 0.34562408 18.7       
 0.34562408 18.7       
 0.15943391 19.39      
 0.34562408 18.7       
