 0.14037214 19.85      
 0.15604836 19.06      
 0.13467939 19.93      
 0.14993773 19.2       
 0.15604836 19.06      
 0.14898165 19.78      
 0.15604836 19.06      
 0.14993773 19.2       
 0.13467939 19.93      
 0.13467939 19.93      
 0.14037214 19.85      
 0.14993773 19.2       
 0.13467939 19.93      
 0.14993773 19.2       
 0.14993773 19.2       
 0.13467939 19.93      
 0.14993773 19.2       
 0.13363218 19.97      
 0.14993773 19.2       
 0.14993773 19.2       
 0.14037214 19.85      
 0.15604836 19.06      
 0.15604836 19.06      
 0.13467939 19.93      
 0.15604836 19.06      
 0.13467939 19.93      
 0.13467939 19.93      
 0.14771847 19.84      
 0.13467939 19.93      
 0.14993773 19.2       
 0.14993773 19.2       
 0.13467939 19.93      
 0.14993773 19.2       
 0.14993773 19.2       
 0.15604836 19.06      
 0.13467939 19.93      
 0.14993773 19.2       
 0.13467939 19.93      
 0.13467939 19.93      
 0.13498062 19.89      
 0.15604836 19.06      
 0.14993773 19.2       
 0.14993773 19.2       
 0.13467939 19.93      
 0.14771847 19.84      
 0.13363218 19.97      
 0.15604836 19.06      
 0.13467939 19.93      
 0.14771847 19.84      
 0.14993773 19.2       
