 0.36703965 18.94      
 0.36703965 18.94      
 0.13644954 19.12      
 0.13644954 19.12      
 0.36703965 18.94      
 0.36703965 18.94      
 0.36703965 18.94      
 0.36703965 18.94      
 0.36703965 18.94      
 0.36703965 18.94      
 0.36703965 18.94      
 0.36703965 18.94      
 0.36703965 18.94      
 0.36703965 18.94      
 0.13644954 19.12      
 0.36703965 18.94      
 0.36703965 18.94      
 0.36703965 18.94      
 0.36994556 18.93      
 0.36703965 18.94      
 0.36703965 18.94      
 0.36703965 18.94      
 0.36703965 18.94      
 0.36703965 18.94      
 0.36703965 18.94      
 0.36703965 18.94      
 0.36703965 18.94      
 0.36703965 18.94      
 0.36703965 18.94      
 0.36703965 18.94      
 0.36703965 18.94      
 0.36703965 18.94      
 0.36994556 18.93      
 0.36703965 18.94      
 0.36703965 18.94      
 0.36703965 18.94      
 0.36703965 18.94      
 0.36703965 18.94      
 0.36703965 18.94      
 0.36703965 18.94      
 0.36703965 18.94      
 0.36703965 18.94      
 0.36703965 18.94      
 0.15973921 18.99      
 0.36703965 18.94      
 0.36703965 18.94      
 0.36703965 18.94      
 0.36703965 18.94      
 0.36703965 18.94      
 0.36703965 18.94      
