 0.13070824 19.46      
 0.33660951 19.4       
 0.13070824 19.46      
 0.13070824 19.46      
 0.13070824 19.46      
 0.13070824 19.46      
 0.13070824 19.46      
 0.13702512 19.46      
 0.33660951 19.4       
 0.13070824 19.46      
 0.13070824 19.46      
 0.13070824 19.46      
 0.33660951 19.4       
 0.13070824 19.46      
 0.13070824 19.46      
 0.13070824 19.46      
 0.13070824 19.46      
 0.13070824 19.46      
 0.13702512 19.46      
 0.13070824 19.46      
 0.33660951 19.4       
 0.13702512 19.46      
 0.13070824 19.46      
 0.33660951 19.4       
 0.13070824 19.46      
 0.13070824 19.46      
 0.13702512 19.46      
 0.13070824 19.46      
 0.13070824 19.46      
 0.13070824 19.46      
 0.13070824 19.46      
 0.13070824 19.46      
 0.13702512 19.46      
 0.13070824 19.46      
 0.13070824 19.46      
 0.13070824 19.46      
 0.13070824 19.46      
 0.13070824 19.46      
 0.13070824 19.46      
 0.13070824 19.46      
 0.13070824 19.46      
 0.13070824 19.46      
 0.13070824 19.46      
 0.13702512 19.46      
 0.13070824 19.46      
 0.13070824 19.46      
 0.13702512 19.46      
 0.13070824 19.46      
 0.13070824 19.46      
 0.13702512 19.46      
