 0.13886294 19.46      
 0.13886294 19.46      
 0.13886294 19.46      
 0.14518463 19.46      
 0.14518463 19.46      
 0.13886294 19.46      
 0.13279472 19.48      
 0.13886294 19.46      
 0.13886294 19.46      
 0.13886294 19.46      
 0.13886294 19.46      
 0.13886294 19.46      
 0.13279472 19.48      
 0.13886294 19.46      
 0.13886294 19.46      
 0.13886294 19.46      
 0.13886294 19.46      
 0.13886294 19.46      
 0.14518463 19.46      
 0.13886294 19.46      
 0.14518463 19.46      
 0.13886294 19.46      
 0.13886294 19.46      
 0.13279472 19.48      
 0.13886294 19.46      
 0.14518463 19.46      
 0.13886294 19.46      
 0.13886294 19.46      
 0.13886294 19.46      
 0.13886294 19.46      
 0.13886294 19.46      
 0.13886294 19.46      
 0.13886294 19.46      
 0.13279472 19.48      
 0.13886294 19.46      
 0.13886294 19.46      
 0.13886294 19.46      
 0.13886294 19.46      
 0.14633418 19.44      
 0.13886294 19.46      
 0.13279472 19.48      
 0.13886294 19.46      
 0.13886294 19.46      
 0.13279472 19.48      
 0.13886294 19.46      
 0.13886294 19.46      
 0.13886294 19.46      
 0.13886294 19.46      
 0.13886294 19.46      
 0.13886294 19.46      
