 0.29967496 19.37      
 0.29967496 19.37      
 0.15137771 19.43      
 0.29967496 19.37      
 0.13657651 19.55      
 0.29967496 19.37      
 0.12936836 19.71      
 0.16898007 19.42      
 0.29967496 19.37      
 0.29967496 19.37      
 0.16898007 19.42      
 0.29838668 19.38      
 0.29967496 19.37      
 0.14537351 19.52      
 0.16898007 19.42      
 0.29967496 19.37      
 0.13657651 19.55      
 0.13657651 19.55      
 0.29967496 19.37      
 0.16898007 19.42      
 0.29967496 19.37      
 0.13657651 19.55      
 0.13657651 19.55      
 0.29967496 19.37      
 0.14537351 19.52      
 0.29838668 19.38      
 0.29967496 19.37      
 0.13657651 19.55      
 0.16898007 19.42      
 0.13657651 19.55      
 0.29967496 19.37      
 0.15137771 19.43      
 0.29967496 19.37      
 0.29967496 19.37      
 0.15137771 19.43      
 0.13657651 19.55      
 0.13657651 19.55      
 0.13657651 19.55      
 0.13657651 19.55      
 0.13657651 19.55      
 0.16898007 19.42      
 0.13657651 19.55      
 0.29967496 19.37      
 0.16898007 19.42      
 0.29967496 19.37      
 0.29967496 19.37      
 0.29967496 19.37      
 0.29967496 19.37      
 0.29967496 19.37      
 0.16898007 19.42      
