 0.13273076 19.66      
 0.13273076 19.66      
 0.13273076 19.66      
 0.13220098 19.77      
 0.13273076 19.66      
 0.13273076 19.66      
 0.13273076 19.66      
 0.13273076 19.66      
 0.13273076 19.66      
 0.13273076 19.66      
 0.13273076 19.66      
 0.33351469 18.94      
 0.13273076 19.66      
 0.13220098 19.77      
 0.13273076 19.66      
 0.13273076 19.66      
 0.33351469 18.94      
 0.13273076 19.66      
 0.13273076 19.66      
 0.13273076 19.66      
 0.30982725 19.64      
 0.13273076 19.66      
 0.13273076 19.66      
 0.13273076 19.66      
 0.13220098 19.77      
 0.13273076 19.66      
 0.13273076 19.66      
 0.13273076 19.66      
 0.13220098 19.77      
 0.13273076 19.66      
 0.13273076 19.66      
 0.33351469 18.94      
 0.13273076 19.66      
 0.13273076 19.66      
 0.33351469 18.94      
 0.13273076 19.66      
 0.13273076 19.66      
 0.13273076 19.66      
 0.13273076 19.66      
 0.13273076 19.66      
 0.13220098 19.77      
 0.13273076 19.66      
 0.13273076 19.66      
 0.13273076 19.66      
 0.13273076 19.66      
 0.13273076 19.66      
 0.13220098 19.77      
 0.13273076 19.66      
 0.13273076 19.66      
 0.13273076 19.66      
