 0.14412954 19.46      
 0.33206487 18.94      
 0.12677941 19.56      
 0.12677941 19.56      
 0.12677941 19.56      
 0.33206487 18.94      
 0.33206487 18.94      
 0.33206487 18.94      
 0.12677941 19.56      
 0.33206487 18.94      
 0.33206487 18.94      
 0.33206487 18.94      
 0.12677941 19.56      
 0.33206487 18.94      
 0.33206487 18.94      
 0.33206487 18.94      
 0.33206487 18.94      
 0.12677941 19.56      
 0.33206487 18.94      
 0.33206487 18.94      
 0.12677941 19.56      
 0.12677941 19.56      
 0.33206487 18.94      
 0.33206487 18.94      
 0.14612257 19.        
 0.12677941 19.56      
 0.33206487 18.94      
 0.12677941 19.56      
 0.33206487 18.94      
 0.33206487 18.94      
 0.14612257 19.        
 0.33206487 18.94      
 0.33206487 18.94      
 0.33206487 18.94      
 0.12677941 19.56      
 0.33206487 18.94      
 0.12677941 19.56      
 0.33206487 18.94      
 0.12677941 19.56      
 0.12677941 19.56      
 0.14612257 19.        
 0.33206487 18.94      
 0.12677941 19.56      
 0.33206487 18.94      
 0.33206487 18.94      
 0.12442721 19.64      
 0.33206487 18.94      
 0.33206487 18.94      
 0.12677941 19.56      
 0.33206487 18.94      
