 0.27915057 19.1       
 0.11779226 19.74      
 0.14309815 19.27      
 0.28224931 18.89      
 0.27398222 19.1       
 0.11779226 19.74      
 0.43932857 18.86      
 0.11779226 19.74      
 0.12335119 19.56      
 0.28224931 18.89      
 0.28224931 18.89      
 0.14309815 19.27      
 0.11779226 19.74      
 0.11779226 19.74      
 0.11847817 19.56      
 0.11779226 19.74      
 0.14309815 19.27      
 0.13421129 19.54      
 0.14309815 19.27      
 0.11779226 19.74      
 0.11779226 19.74      
 0.11779226 19.74      
 0.11779226 19.74      
 0.11779226 19.74      
 0.11779226 19.74      
 0.27398222 19.1       
 0.27398222 19.1       
 0.69268243 18.83      
 0.13421129 19.54      
 0.27915057 19.1       
 0.11779226 19.74      
 0.27340333 19.11      
 0.27398222 19.1       
 0.11779226 19.74      
 0.27398222 19.1       
 0.11779226 19.74      
 0.43932857 18.86      
 0.11779226 19.74      
 0.11779226 19.74      
 0.14309815 19.27      
 0.11779226 19.74      
 0.11779226 19.74      
 0.11779226 19.74      
 0.27340333 19.11      
 0.11779226 19.74      
 0.11779226 19.74      
 0.14309815 19.27      
 0.27398222 19.1       
 0.11779226 19.74      
 0.11779226 19.74      
